Julian Hour	u (m/s)	v (m/s)
18099.29	-0.0537775456905364	0.269679017364978
18099.33	-0.0537775456905364	0.269679017364978
18099.38	-0.0537775456905364	0.269679017364978
18099.42	-0.0537775456905364	0.269679017364978
18099.46	-0.0537775456905364	0.269679017364978
18099.5	-0.0537775456905364	0.269679017364978
18099.54	-0.0537775456905364	0.269679017364978
18099.58	-0.0537775456905364	0.269679017364978
18099.63	-0.0537775456905364	0.269679017364978
18099.67	-0.0537775456905364	0.269679017364978
18099.71	-0.0537775456905364	0.269679017364978
18099.75	-0.0537775456905364	0.269679017364978
18099.79	-0.0537775456905364	0.269679017364978
18099.83	-0.0537775456905364	0.269679017364978
18099.88	-0.0537775456905364	0.269679017364978
18099.92	-0.0537775456905364	0.269679017364978
18099.96	-0.0537775456905364	0.269679017364978
18100	-0.144289135932922	0.192259289324284
18100.04	-0.144289135932922	0.192259289324284
18100.08	-0.144289135932922	0.192259289324284
18100.13	-0.144289135932922	0.192259289324284
18100.17	-0.144289135932922	0.192259289324284
18100.21	-0.144289135932922	0.192259289324284
18100.25	-0.144289135932922	0.192259289324284
18100.29	-0.144289135932922	0.192259289324284
18100.33	-0.144289135932922	0.192259289324284
18100.38	-0.144289135932922	0.192259289324284
18100.42	-0.144289135932922	0.192259289324284
18100.46	-0.144289135932922	0.192259289324284
18100.5	-0.144289135932922	0.192259289324284
18100.54	-0.144289135932922	0.192259289324284
18100.58	-0.144289135932922	0.192259289324284
18100.63	-0.144289135932922	0.192259289324284
18100.67	-0.144289135932922	0.192259289324284
18100.71	-0.144289135932922	0.192259289324284
18100.75	-0.144289135932922	0.192259289324284
18100.79	-0.144289135932922	0.192259289324284
18100.83	-0.144289135932922	0.192259289324284
18100.88	-0.144289135932922	0.192259289324284
18100.92	-0.144289135932922	0.192259289324284
18100.96	-0.144289135932922	0.192259289324284
18101	-0.138732604682446	0.150369442999363
18101.04	-0.138732604682446	0.150369442999363
18101.08	-0.138732604682446	0.150369442999363
18101.13	-0.138732604682446	0.150369442999363
18101.17	-0.138732604682446	0.150369442999363
18101.21	-0.138732604682446	0.150369442999363
18101.25	-0.138732604682446	0.150369442999363
18101.29	-0.138732604682446	0.150369442999363
18101.33	-0.138732604682446	0.150369442999363
18101.38	-0.138732604682446	0.150369442999363
18101.42	-0.138732604682446	0.150369442999363
18101.46	-0.138732604682446	0.150369442999363
18101.5	-0.138732604682446	0.150369442999363
18101.54	-0.138732604682446	0.150369442999363
18101.58	-0.138732604682446	0.150369442999363
18101.63	-0.138732604682446	0.150369442999363
18101.67	-0.138732604682446	0.150369442999363
18101.71	-0.138732604682446	0.150369442999363
18101.75	-0.138732604682446	0.150369442999363
18101.79	-0.138732604682446	0.150369442999363
18101.83	-0.138732604682446	0.150369442999363
18101.88	-0.138732604682446	0.150369442999363
18101.92	-0.138732604682446	0.150369442999363
18101.96	-0.138732604682446	0.150369442999363
18102	-0.0630180072039366	0.0261669955216348
18102.04	-0.0630180072039366	0.0261669955216348
18102.08	-0.0630180072039366	0.0261669955216348
18102.13	-0.0630180072039366	0.0261669955216348
18102.17	-0.0630180072039366	0.0261669955216348
18102.21	-0.0630180072039366	0.0261669955216348
18102.25	-0.0630180072039366	0.0261669955216348
18102.29	-0.0630180072039366	0.0261669955216348
18102.33	-0.0630180072039366	0.0261669955216348
18102.38	-0.0630180072039366	0.0261669955216348
18102.42	-0.0630180072039366	0.0261669955216348
18102.46	-0.0630180072039366	0.0261669955216348
18102.5	-0.0630180072039366	0.0261669955216348
18102.54	-0.0630180072039366	0.0261669955216348
18102.58	-0.0630180072039366	0.0261669955216348
18102.63	-0.0630180072039366	0.0261669955216348
18102.67	-0.0630180072039366	0.0261669955216348
18102.71	-0.0630180072039366	0.0261669955216348
18102.75	-0.0630180072039366	0.0261669955216348
18102.79	-0.0630180072039366	0.0261669955216348
18102.83	-0.0630180072039366	0.0261669955216348
18102.88	-0.0630180072039366	0.0261669955216348
18102.92	-0.0630180072039366	0.0261669955216348
18102.96	-0.0630180072039366	0.0261669955216348
18103	-0.039357510395348	0.0682379119098186
18103.04	-0.039357510395348	0.0682379119098186
18103.08	-0.039357510395348	0.0682379119098186
18103.13	-0.039357510395348	0.0682379119098186
18103.17	-0.039357510395348	0.0682379119098186
18103.21	-0.039357510395348	0.0682379119098186
18103.25	-0.039357510395348	0.0682379119098186
18103.29	-0.039357510395348	0.0682379119098186
18103.33	-0.039357510395348	0.0682379119098186
18103.38	-0.039357510395348	0.0682379119098186
18103.42	-0.039357510395348	0.0682379119098186
18103.46	-0.039357510395348	0.0682379119098186
18103.5	-0.039357510395348	0.0682379119098186
18103.54	-0.039357510395348	0.0682379119098186
18103.58	-0.039357510395348	0.0682379119098186
18103.63	-0.039357510395348	0.0682379119098186
18103.67	-0.039357510395348	0.0682379119098186
18103.71	-0.039357510395348	0.0682379119098186
18103.75	-0.039357510395348	0.0682379119098186
18103.79	-0.039357510395348	0.0682379119098186
18103.83	-0.039357510395348	0.0682379119098186
18103.88	-0.039357510395348	0.0682379119098186
18103.92	-0.039357510395348	0.0682379119098186
18103.96	-0.039357510395348	0.0682379119098186
18104	-0.0206111068837344	0.0979650299996138
18104.04	-0.0206111068837344	0.0979650299996138
18104.08	-0.0206111068837344	0.0979650299996138
18104.13	-0.0206111068837344	0.0979650299996138
18104.17	-0.0206111068837344	0.0979650299996138
18104.21	-0.0206111068837344	0.0979650299996138
18104.25	-0.0206111068837344	0.0979650299996138
18104.29	-0.0206111068837344	0.0979650299996138
18104.33	-0.0206111068837344	0.0979650299996138
18104.38	-0.0206111068837344	0.0979650299996138
18104.42	-0.0206111068837344	0.0979650299996138
18104.46	-0.0206111068837344	0.0979650299996138
18104.5	-0.0206111068837344	0.0979650299996138
18104.54	-0.0206111068837344	0.0979650299996138
18104.58	-0.0206111068837344	0.0979650299996138
18104.63	-0.0206111068837344	0.0979650299996138
18104.67	-0.0206111068837344	0.0979650299996138
18104.71	-0.0206111068837344	0.0979650299996138
18104.75	-0.0206111068837344	0.0979650299996138
18104.79	-0.0206111068837344	0.0979650299996138
18104.83	-0.0206111068837344	0.0979650299996138
18104.88	-0.0206111068837344	0.0979650299996138
18104.92	-0.0206111068837344	0.0979650299996138
18104.96	-0.0206111068837344	0.0979650299996138
18105	-0.0636463472619652	0.136051028966904
18105.04	-0.0636463472619652	0.136051028966904
18105.08	-0.0636463472619652	0.136051028966904
18105.13	-0.0636463472619652	0.136051028966904
18105.17	-0.0636463472619652	0.136051028966904
18105.21	-0.0636463472619652	0.136051028966904
18105.25	-0.0636463472619652	0.136051028966904
18105.29	-0.0636463472619652	0.136051028966904
18105.33	-0.0636463472619652	0.136051028966904
18105.38	-0.0636463472619652	0.136051028966904
18105.42	-0.0636463472619652	0.136051028966904
18105.46	-0.0636463472619652	0.136051028966904
18105.5	-0.0636463472619652	0.136051028966904
18105.54	-0.0636463472619652	0.136051028966904
18105.58	-0.0636463472619652	0.136051028966904
18105.63	-0.0636463472619652	0.136051028966904
18105.67	-0.0636463472619652	0.136051028966904
18105.71	-0.0636463472619652	0.136051028966904
18105.75	-0.0636463472619652	0.136051028966904
18105.79	-0.0636463472619652	0.136051028966904
18105.83	-0.0636463472619652	0.136051028966904
18105.88	-0.0636463472619652	0.136051028966904
18105.92	-0.0636463472619652	0.136051028966904
18105.96	-0.0636463472619652	0.136051028966904
18106	-0.074338847771287	0.133110266178846
18106.04	-0.074338847771287	0.133110266178846
18106.08	-0.074338847771287	0.133110266178846
18106.13	-0.074338847771287	0.133110266178846
18106.17	-0.074338847771287	0.133110266178846
18106.21	-0.074338847771287	0.133110266178846
18106.25	-0.074338847771287	0.133110266178846
18106.29	-0.074338847771287	0.133110266178846
