0 0.569496 0.302876 0.037313 0.040816
0 0.523321 0.327690 0.032649 0.042208
0 0.591651 0.355519 0.034049 0.044063
0 0.540345 0.380566 0.039646 0.038497
0 0.614972 0.413729 0.028451 0.037106
0 0.567164 0.441558 0.036381 0.030612
0 0.490672 0.402597 0.038246 0.041744
0 0.472015 0.355288 0.038246 0.038961
0 0.420009 0.382421 0.038713 0.039425
0 0.374767 0.422078 0.042444 0.037106
0 0.442864 0.429963 0.035914 0.043599
0 0.398321 0.460111 0.039179 0.041744
0 0.420709 0.490260 0.041978 0.040816
0 0.454991 0.469156 0.037780 0.042208
0 0.476679 0.527134 0.021455 0.019944
0 0.446362 0.543599 0.023321 0.021336
0 0.493703 0.555659 0.020989 0.019481
0 0.460354 0.568878 0.020522 0.020872
0 0.424907 0.584184 0.018657 0.016234
0 0.402752 0.587662 0.017257 0.017625
0 0.506996 0.598562 0.015858 0.017161
0 0.488806 0.611317 0.017724 0.016698
0 0.517024 0.623609 0.017257 0.017161
0 0.498601 0.631957 0.017724 0.016234
0 0.473414 0.621521 0.015858 0.013915
0 0.455457 0.628479 0.014459 0.014842
0 0.440065 0.636596 0.015392 0.013451
0 0.423507 0.645408 0.014925 0.013451
0 0.410681 0.654685 0.015392 0.015306
0 0.415345 0.669527 0.014459 0.014378
0 0.433069 0.663729 0.014459 0.013915
0 0.447295 0.654221 0.015858 0.013451
0 0.464785 0.646104 0.016325 0.012987
0 0.482276 0.637987 0.014925 0.014378
0 0.493004 0.647263 0.013993 0.013451
0 0.455224 0.673701 0.012127 0.013451
0 0.461287 0.686224 0.013993 0.013451
0 0.458955 0.700139 0.013993 0.013451
0 0.577892 0.474026 0.024254 0.022263
0 0.634562 0.469852 0.033116 0.041744
0 0.593050 0.501391 0.032183 0.032468
