0 0.613431 0.493611 0.040342 0.042593
0 0.665164 0.496924 0.042240 0.042593
0 0.604414 0.544960 0.041291 0.042120
0 0.655672 0.551112 0.040342 0.040227
0 0.646891 0.601041 0.039867 0.040700
0 0.599905 0.595835 0.042715 0.038807
0 0.588989 0.645764 0.038918 0.041174
0 0.351922 0.589446 0.021357 0.023190
0 0.328192 0.578798 0.022307 0.022717
0 0.364499 0.565310 0.022781 0.024136
0 0.341718 0.553005 0.021832 0.022243
0 0.355482 0.528159 0.022781 0.021770
0 0.376364 0.540700 0.024680 0.022243
0 0.369957 0.505442 0.022307 0.022717
0 0.383246 0.481779 0.023256 0.024610
0 0.407214 0.496687 0.023730 0.022243
0 0.396535 0.460009 0.022307 0.021770
0 0.411723 0.436820 0.023256 0.021770
0 0.479117 0.384051 0.024205 0.023190
0 0.420028 0.472078 0.022781 0.021297
0 0.434741 0.447941 0.024680 0.020350
0 0.425961 0.412683 0.025154 0.022717
0 0.439725 0.392097 0.024205 0.022243
0 0.450166 0.428538 0.023256 0.021297
0 0.462031 0.407478 0.023256 0.021770
0 0.454675 0.368670 0.021832 0.022717
0 0.468676 0.353762 0.022307 0.023190
