0 0.557882 0.287378 0.016471 0.014905
0 0.549882 0.305310 0.017412 0.016302
0 0.573882 0.294364 0.015529 0.014905
0 0.565412 0.312296 0.016471 0.015370
0 0.580471 0.317187 0.014588 0.015836
0 0.589412 0.298556 0.015529 0.015836
0 0.606353 0.302981 0.019294 0.020028
0 0.624941 0.309269 0.018824 0.020494
0 0.643765 0.316954 0.019765 0.018165
0 0.662588 0.324173 0.017882 0.020494
0 0.680235 0.330694 0.017412 0.019562
0 0.597882 0.324639 0.020235 0.018631
0 0.616941 0.330461 0.019765 0.019096
0 0.636000 0.338146 0.019294 0.018631
0 0.655059 0.345366 0.018824 0.020028
0 0.673647 0.353284 0.019294 0.019096
0 0.463529 0.358873 0.019765 0.018165
0 0.454353 0.379832 0.021176 0.019096
0 0.473647 0.387983 0.019294 0.019562
0 0.482824 0.366791 0.018824 0.020028
0 0.501412 0.374243 0.017412 0.019096
0 0.519294 0.381463 0.019294 0.018631
0 0.537882 0.389381 0.018824 0.018631
0 0.556941 0.396367 0.020235 0.018631
0 0.576235 0.404052 0.018353 0.019096
0 0.595529 0.410806 0.019294 0.018631
0 0.614118 0.418957 0.017882 0.019096
0 0.632471 0.426409 0.018824 0.019096
0 0.492000 0.395435 0.018353 0.017699
0 0.510353 0.402655 0.019294 0.018165
0 0.529412 0.409874 0.019765 0.018631
0 0.548941 0.418258 0.019294 0.018631
0 0.568000 0.424546 0.018824 0.017233
0 0.586824 0.432464 0.019765 0.018165
0 0.605882 0.440382 0.018353 0.018165
0 0.624471 0.448067 0.019765 0.018631
0 0.552000 0.435259 0.018824 0.017233
0 0.476941 0.403121 0.015529 0.014439
0 0.600706 0.513041 0.019294 0.019096
0 0.581647 0.506055 0.019765 0.018165
0 0.563059 0.498603 0.019294 0.018165
0 0.544471 0.491616 0.019765 0.018165
0 0.525176 0.483931 0.019765 0.018631
0 0.505412 0.476013 0.019765 0.017699
0 0.500706 0.461109 0.015059 0.013041
0 0.486353 0.468794 0.019294 0.018165
0 0.466824 0.460643 0.019765 0.017699
0 0.460941 0.445505 0.015529 0.013507
0 0.592000 0.533302 0.018824 0.018631
0 0.573647 0.526549 0.018824 0.019096
0 0.554588 0.519096 0.019294 0.018165
0 0.535294 0.511411 0.020235 0.018631
0 0.516235 0.503726 0.018824 0.018165
0 0.497176 0.496274 0.020235 0.018165
0 0.483765 0.503959 0.015059 0.015836
0 0.477647 0.488123 0.019765 0.017699
0 0.458824 0.480904 0.019765 0.018165
0 0.445412 0.489287 0.014588 0.014439
0 0.440235 0.473684 0.019294 0.018631
0 0.448000 0.453190 0.019765 0.018631
0 0.428235 0.445738 0.019765 0.016768
0 0.421647 0.465068 0.019765 0.018165
0 0.350353 0.523055 0.020235 0.017699
0 0.342118 0.543782 0.018824 0.018165
0 0.369176 0.530275 0.018353 0.019096
0 0.360471 0.551467 0.019765 0.018631
0 0.386824 0.539124 0.018824 0.018165
0 0.406118 0.546810 0.018824 0.018631
0 0.382824 0.522823 0.015529 0.015370
0 0.419765 0.539357 0.014118 0.014905
0 0.378588 0.559385 0.018353 0.018631
0 0.397176 0.566837 0.018824 0.018631
0 0.424471 0.554262 0.018824 0.017699
0 0.416235 0.574290 0.021176 0.018631
0 0.443765 0.560550 0.019765 0.018165
0 0.436471 0.581043 0.019294 0.019096
0 0.462588 0.568468 0.018824 0.018165
0 0.455765 0.588030 0.019294 0.018165
0 0.481647 0.576619 0.018353 0.018631
0 0.474118 0.597578 0.018353 0.018631
0 0.500471 0.585002 0.019294 0.018631
0 0.492000 0.606195 0.019294 0.019096
0 0.497176 0.622497 0.015529 0.015370
0 0.520000 0.594551 0.020706 0.019096
0 0.539529 0.602469 0.019294 0.019096
0 0.558353 0.609222 0.020235 0.017699
0 0.511529 0.615044 0.019765 0.020028
0 0.531529 0.622031 0.020235 0.018165
0 0.551059 0.628784 0.019765 0.018631
0 0.494353 0.707732 0.041882 0.043316
0 0.452235 0.689101 0.041412 0.042385
0 0.408706 0.674662 0.042824 0.043316
0 0.368000 0.659758 0.042353 0.042385
0 0.328706 0.644388 0.042824 0.041453
