0 0.440765 0.413225 0.013993 0.014385
0 0.433302 0.424826 0.013993 0.015313
0 0.454291 0.419258 0.013060 0.014385
0 0.445662 0.430394 0.012593 0.014385
0 0.464086 0.430162 0.013993 0.014849
0 0.476213 0.424594 0.013993 0.014849
0 0.467351 0.447796 0.013993 0.014849
0 0.455924 0.439675 0.013526 0.014385
0 0.488806 0.434803 0.013060 0.014849
0 0.499767 0.442227 0.012593 0.013921
0 0.478778 0.457773 0.012593 0.013457
0 0.490672 0.465893 0.013993 0.014849
0 0.499300 0.477726 0.014459 0.013457
0 0.508162 0.488863 0.012593 0.013457
0 0.517024 0.479350 0.013526 0.013921
0 0.528918 0.486543 0.014925 0.013457
0 0.519823 0.496752 0.013526 0.013457
0 0.538713 0.496056 0.013060 0.012993
0 0.530784 0.505800 0.014925 0.013921
0 0.541511 0.515777 0.013060 0.014385
0 0.549440 0.505800 0.013993 0.013921
0 0.559935 0.515081 0.013526 0.012993
0 0.551772 0.526218 0.013993 0.012993
