0 0.427765 0.428807 0.039529 0.038190
0 0.392941 0.453324 0.021647 0.020273
0 0.394824 0.475955 0.021647 0.019331
0 0.397647 0.495757 0.021647 0.019331
0 0.416471 0.477841 0.020706 0.019331
0 0.438824 0.494814 0.019294 0.020273
0 0.459529 0.511315 0.014588 0.014616
0 0.500941 0.502593 0.021176 0.019802
0 0.541882 0.495285 0.021176 0.020273
0 0.479059 0.526874 0.015059 0.013673
0 0.506588 0.540783 0.021176 0.022631
0 0.523765 0.516030 0.021647 0.020273
0 0.566588 0.511787 0.018824 0.023102
0 0.588235 0.525460 0.020706 0.021216
0 0.608235 0.546676 0.019294 0.019331
0 0.527059 0.557049 0.019765 0.022159
0 0.552235 0.575672 0.021176 0.022631
0 0.547294 0.535361 0.021647 0.022159
0 0.567529 0.553984 0.021647 0.018859
0 0.591765 0.568128 0.023059 0.020745
0 0.571765 0.589109 0.021647 0.019331
