0 0.230051 0.443277 0.019599 0.019141
0 0.257583 0.424837 0.022399 0.021475
0 0.258516 0.443744 0.019599 0.016340
0 0.280681 0.450047 0.019132 0.018674
0 0.307979 0.457983 0.019599 0.018674
0 0.333878 0.458917 0.019132 0.019608
0 0.346010 0.445378 0.019132 0.017740
0 0.361176 0.461718 0.019599 0.016807
0 0.245217 0.490896 0.037797 0.044351
0 0.290481 0.488562 0.039664 0.041550
0 0.344610 0.497432 0.042464 0.041550
0 0.226785 0.532680 0.018665 0.018674
0 0.249183 0.535948 0.017732 0.018674
0 0.273448 0.536181 0.018665 0.016340
0 0.279748 0.552288 0.016332 0.017740
0 0.300980 0.538282 0.018665 0.017740
0 0.298180 0.555089 0.017732 0.015873
0 0.387074 0.467554 0.019132 0.017274
0 0.414839 0.449813 0.017732 0.017274
0 0.411806 0.467087 0.020065 0.016340
0 0.396640 0.504435 0.040131 0.040616
0 0.356043 0.544818 0.017732 0.018674
0 0.328045 0.544118 0.018665 0.017274
0 0.329211 0.561625 0.018199 0.017740
0 0.354643 0.563025 0.018665 0.017740
0 0.381708 0.544585 0.017732 0.019141
0 0.407839 0.542017 0.017732 0.018674
0 0.403640 0.562325 0.018665 0.017274
0 0.432571 0.541550 0.015866 0.016807
0 0.437704 0.558590 0.018665 0.018207
0 0.442137 0.574930 0.016332 0.017274
0 0.459403 0.542250 0.021932 0.021008
0 0.439104 0.464519 0.022399 0.021475
0 0.463136 0.463119 0.018199 0.017740
0 0.448670 0.503035 0.031265 0.035948
0 0.498133 0.496032 0.033131 0.032213
0 0.487168 0.461718 0.017732 0.018674
0 0.515866 0.461485 0.017266 0.019141
0 0.543164 0.458217 0.016799 0.017274
0 0.564396 0.458450 0.016332 0.017740
0 0.591927 0.459617 0.017266 0.019141
0 0.616659 0.466853 0.018199 0.018674
0 0.568129 0.538049 0.018199 0.018207
0 0.589594 0.538982 0.019132 0.017274
0 0.602660 0.503968 0.039664 0.041550
0 0.641157 0.470121 0.018665 0.019608
0 0.631358 0.507470 0.018665 0.018674
0 0.677088 0.512372 0.017732 0.017274
0 0.677788 0.530112 0.017266 0.017274
0 0.704386 0.522176 0.037797 0.040616
0 0.744750 0.521709 0.040131 0.039683
0 0.765982 0.551120 0.032198 0.034080
0 0.715119 0.480392 0.017266 0.016807
0 0.740317 0.479225 0.018199 0.018207
0 0.764816 0.471289 0.017732 0.019141
