0 0.182118 0.310603 0.035765 0.033629
0 0.208235 0.308034 0.020235 0.021952
0 0.181176 0.352405 0.021647 0.021018
0 0.212000 0.342597 0.021176 0.021018
0 0.182353 0.379496 0.021176 0.021018
0 0.214118 0.377861 0.021647 0.021485
0 0.188706 0.408454 0.020706 0.020084
0 0.221412 0.404250 0.021176 0.021018
0 0.194118 0.438113 0.019294 0.022419
0 0.225882 0.433209 0.020706 0.021952
0 0.197882 0.464269 0.021176 0.021485
0 0.230353 0.460065 0.021176 0.021485
0 0.203765 0.496964 0.021647 0.021485
0 0.236235 0.489724 0.020706 0.021018
0 0.208706 0.524054 0.020235 0.021485
0 0.238824 0.519150 0.020235 0.021018
0 0.211529 0.553947 0.021176 0.021485
0 0.240706 0.546474 0.021176 0.020551
0 0.218824 0.581971 0.019765 0.022419
0 0.247529 0.577767 0.020706 0.021485
0 0.250824 0.608361 0.021647 0.021952
0 0.322353 0.053947 0.016941 0.015413
0 0.356471 0.056749 0.017412 0.018216
0 0.330353 0.086175 0.020706 0.021018
0 0.363765 0.085941 0.019765 0.020551
0 0.332235 0.120037 0.021647 0.022419
0 0.367294 0.118870 0.013647 0.014479
0 0.339059 0.146193 0.022118 0.021485
0 0.372941 0.146894 0.021176 0.021018
0 0.342824 0.178888 0.021176 0.021485
0 0.375529 0.178655 0.019765 0.022887
0 0.342824 0.206446 0.019294 0.021485
0 0.381176 0.208080 0.018824 0.022887
0 0.487059 0.391873 0.015059 0.014946
0 0.454824 0.399580 0.014588 0.016348
0 0.441176 0.434376 0.015529 0.014946
0 0.454588 0.429005 0.016000 0.014479
0 0.486588 0.414759 0.013176 0.014946
0 0.490118 0.428772 0.013647 0.014012
0 0.465176 0.461700 0.013647 0.014479
0 0.494353 0.454227 0.013647 0.015413
0 0.475294 0.489958 0.019765 0.021485
0 0.501412 0.486221 0.014588 0.014012
0 0.480941 0.522887 0.016000 0.014479
0 0.509882 0.515413 0.012706 0.017282
0 0.488471 0.553013 0.016000 0.014012
0 0.518588 0.546707 0.015059 0.016348
0 0.523765 0.567025 0.016000 0.014946
0 0.493176 0.579869 0.022588 0.022887
0 0.525647 0.580336 0.014118 0.014479
0 0.497882 0.618870 0.020706 0.020551
0 0.528941 0.606959 0.021647 0.021018
