0 0.275510 0.470065 0.041291 0.043031
0 0.322971 0.470299 0.040342 0.044434
0 0.275510 0.517774 0.028951 0.029935
0 0.323446 0.519645 0.028951 0.029935
0 0.274086 0.566651 0.042240 0.039757
0 0.321073 0.567353 0.041291 0.040225
0 0.273137 0.614593 0.029900 0.028064
0 0.321785 0.616932 0.027527 0.028064
0 0.273374 0.662067 0.039867 0.040692
0 0.321547 0.663704 0.037494 0.042095
0 0.604888 0.320393 0.028002 0.027128
0 0.635026 0.310103 0.026578 0.029935
0 0.614855 0.354303 0.028951 0.027596
0 0.649502 0.345650 0.026103 0.028064
0 0.624585 0.389850 0.027527 0.028531
0 0.659706 0.381431 0.024680 0.029467
0 0.632653 0.423994 0.027527 0.027596
0 0.665876 0.416978 0.023730 0.029467
0 0.640247 0.458138 0.025629 0.027596
0 0.675842 0.450187 0.026578 0.028531
0 0.650688 0.491581 0.027527 0.030870
0 0.685097 0.483863 0.027053 0.028531
0 0.660655 0.526193 0.025629 0.028064
0 0.693403 0.518007 0.026578 0.028531
0 0.668486 0.559869 0.028951 0.029935
0 0.704794 0.553321 0.027527 0.028064
0 0.677504 0.595884 0.028002 0.027128
0 0.714286 0.586529 0.025629 0.028999
0 0.685335 0.628859 0.027527 0.026660
0 0.720456 0.619504 0.025629 0.028531
0 0.696725 0.655987 0.022781 0.021983
0 0.730897 0.649205 0.020883 0.022451
0 0.695301 0.689196 0.021832 0.020112
0 0.735643 0.680309 0.022781 0.021048
