Day	Pexc	Nexc	Cexc	Pwst	Nwst	Cwst
18091	0.602766773595	12.568328470638	68.228068840614	0.602766773595	12.568328470638	68.228068840614
18092	0.620540029548	12.938919764976	70.239850152714	0.620540029548	12.938919764976	70.239850152714
18093	0.643664672487	13.421093171049	72.857362928535	0.643664672487	13.421093171049	72.857362928535
18094	0.655316707023	13.66405048692	74.176274071836	0.655316707023	13.66405048692	74.176274071836
18095	0.669564408114	13.961130211674	75.788992577664	0.669564408114	13.961130211674	75.788992577664
18096	0.699600338145	14.587411305987	79.188804232524	0.699600338145	14.587411305987	79.188804232524
18097	0.731701259298	15.256749661956	82.822355307774	0.731701259298	15.256749661956	82.822355307774
18098	0.751210819479	15.663544746597	85.030671481506	0.751210819479	15.663544746597	85.030671481506
18099	0.756966642219	15.783559773939	85.682181629952	0.756966642219	15.783559773939	85.682181629952
18100	0.79267000905	16.528012954578	89.723498896278	0.79267000905	16.528012954578	89.723498896278
18101	0.849146921901	17.705616669378	96.116204776626	0.849146921901	17.705616669378	96.116204776626
18102	0.887046320043	18.495859439232	100.40609409867	0.887046320043	18.495859439232	100.40609409867
18103	0.915376645269	19.086576858846	103.612845805155	0.915376645269	19.086576858846	103.612845805155
18104	0.917483856201	19.130514448401	103.851364148451	0.917483856201	19.130514448401	103.851364148451
18105	0.932648314608	19.446709538655	105.567851781279	0.932648314608	19.446709538655	105.567851781279
18106	0.947018185308	19.746336629799	107.194398847479	0.947018185308	19.746336629799	107.194398847479
18107	0.968153249052	20.187025193079	109.586708191008	0.968153249052	20.187025193079	109.586708191008
18108	0.985540344246	20.549564624646	111.554779390938	0.985540344246	20.549564624646	111.554779390938
18109	0.972410634306	20.275796204595	110.068607967786	0.972410634306	20.275796204595	110.068607967786
18110	0.967345531605	20.170183424922	109.495281449592	0.967345531605	20.170183424922	109.495281449592
18111	1.002854083554	20.910574508085	113.514547329603	1.002854083554	20.910574508085	113.514547329603
18112	1.061467378434	22.132724060952	120.14907347376	1.061467378434	22.132724060952	120.14907347376
18113	1.099987141743	22.935902104413	124.50918285252	1.099987141743	22.935902104413	124.50918285252
18114	1.149502622247	23.968352548998	130.113913837437	1.149502622247	23.968352548998	130.113913837437
18115	1.233125352387	25.711975432674	139.579295205924	1.233125352387	25.711975432674	139.579295205924
18116	1.299987784656	27.106128275769	147.147553497033	1.299987784656	27.106128275769	147.147553497033
18117	1.310106283362	27.31710973815	148.292881435674	1.310106283362	27.31710973815	148.292881435674
18118	1.327033212606	27.670054220289	150.208865767278	1.327033212606	27.670054220289	150.208865767278
18119	1.389901644972	28.98092791647	157.32503726085	1.389901644972	28.98092791647	157.32503726085
18120	1.491966400797	31.109086654965	168.877898984115	1.491966400797	31.109086654965	168.877898984115
18121	1.552060365714	32.362109753274	175.680024374916	1.552060365714	32.362109753274	175.680024374916
18122	1.576449645327	32.870652179184	178.440683258439	1.576449645327	32.870652179184	178.440683258439
18123	1.621189643922	33.803528745582	183.504870333162	1.621189643922	33.803528745582	183.504870333162
18124	1.657351851723	34.557549248619	187.598124492516	1.657351851723	34.557549248619	187.598124492516
18125	1.639634725845	34.18812832617	185.592696627771	1.639634725845	34.18812832617	185.592696627771
18126	1.609776318861	33.565548776175	182.212979070681	1.609776318861	33.565548776175	182.212979070681
18127	1.650299025762	34.410490324488	186.799804618671	1.650299025762	34.410490324488	186.799804618671
18128	1.75844891601	36.66553058916	199.041451769727	1.75844891601	36.66553058916	199.041451769727
18129	1.763008295931	36.760598510823	199.557534773025	1.763008295931	36.760598510823	199.557534773025
18130	1.755569470095	36.605491078563	198.715522997907	1.755569470095	36.605491078563	198.715522997907
18131	1.73850077871	36.249590705004	196.783492398615	1.73850077871	36.249590705004	196.783492398615
18132	1.753212464487	36.556345004112	198.448730022303	1.753212464487	36.556345004112	198.448730022303
18133	1.81512493272	37.847285831232	205.45669451241	1.81512493272	37.847285831232	205.45669451241
18134	1.889627490603	39.400743421134	213.889750000443	1.889627490603	39.400743421134	213.889750000443
18135	2.007341820432	41.855212426005	227.214010312605	2.007341820432	41.855212426005	227.214010312605
18136	2.066000880753	43.078316236983	233.853716715039	2.066000880753	43.078316236983	233.853716715039
18137	2.07727936524	43.313484636954	235.130345172018	2.07727936524	43.313484636954	235.130345172018
18138	2.121052537602	44.22620184795	240.085095746013	2.121052537602	44.22620184795	240.085095746013
18139	2.19661505082	45.801760634055	248.638129156287	2.19661505082	45.801760634055	248.638129156287
18140	2.235657050325	46.615827857778	253.057351227912	2.235657050325	46.615827857778	253.057351227912
18141	2.231997414786	46.539520563573	252.643111630839	2.231997414786	46.539520563573	252.643111630839
18142	2.253100703796	46.979546589774	255.03182434449	2.253100703796	46.979546589774	255.03182434449
18143	2.291577473385	47.781828168381	259.387067199771	2.291577473385	47.781828168381	259.387067199771
18144	2.323782423225	48.453335633214	263.032393437459	2.323782423225	48.453335633214	263.032393437459
18145	2.351348311365	49.028113726389	266.152617371808	2.351348311365	49.028113726389	266.152617371808
18146	2.403915616314	50.124197957184	272.102788910421	2.403915616314	50.124197957184	272.102788910421
18147	2.447086085712	51.0243481701	276.989318637705	2.447086085712	51.0243481701	276.989318637705
18148	2.445939651888	51.000443805276	276.859552085793	2.445939651888	51.000443805276	276.859552085793
18149	2.402406866331	50.092738914996	271.932011252838	2.402406866331	50.092738914996	271.932011252838
18150	2.421418775508	50.489157446793	274.083997568283	2.421418775508	50.489157446793	274.083997568283
18151	2.50894313406	52.314133433634	283.991010068277	2.50894313406	52.314133433634	283.991010068277
18152	2.567618844237	53.537584411809	290.632601092662	2.567618844237	53.537584411809	290.632601092662
18153	2.629449002745	54.826808993352	297.631248821064	2.629449002745	54.826808993352	297.631248821064
18154	2.684793055059	55.98079136073	303.895724529672	2.684793055059	55.98079136073	303.895724529672
18155	2.757255172587	57.491703598599	312.097819535262	2.757255172587	57.491703598599	312.097819535262
18156	2.81134725561	58.619581074504	318.220582975857	2.81134725561	58.619581074504	318.220582975857
18157	2.894134327893	60.345779602968	327.591374987538	2.894134327893	60.345779602968	327.591374987538
18158	2.970905203224	61.946534024595	336.281184704925	2.970905203224	61.946534024595	336.281184704925
18159	3.021777412326	63.007273703817	342.039485820699	3.021777412326	63.007273703817	342.039485820699
18160	3.034285966359	63.268090362369	343.455347681442	3.034285966359	63.268090362369	343.455347681442
18161	3.04505936892	63.492727266819	344.674805162733	3.04505936892	63.492727266819	344.674805162733
18162	3.081458763387	64.251693364329	348.794906834916	3.081458763387	64.251693364329	348.794906834916
18163	3.122023419036	65.097509588316	353.38648062231	3.122023419036	65.097509588316	353.38648062231
18164	3.176450140995	66.232364642109	359.547122342871	3.176450140995	66.232364642109	359.547122342871
18165	3.232381895757	67.398601230738	365.878120966866	3.232381895757	67.398601230738	365.878120966866
18166	3.28956341688	68.590896777441	372.350582506125	3.28956341688	68.590896777441	372.350582506125
18167	3.331984440501	69.475420248696	377.152281350046	3.331984440501	69.475420248696	377.152281350046
18168	3.378041225865	70.435753220169	382.365517480902	3.378041225865	70.435753220169	382.365517480902
18169	3.427460902323	71.466206048361	387.959404262526	3.427460902323	71.466206048361	387.959404262526
18170	3.467289649617	72.296677800558	392.467679488764	3.467289649617	72.296677800558	392.467679488764
18171	3.504220491294	73.0667251377	396.647936461791	3.504220491294	73.0667251377	396.647936461791
18172	3.536552558655	73.740883137975	400.307651320419	3.536552558655	73.740883137975	400.307651320419
18173	3.572315296596	74.486574269532	404.355688891758	3.572315296596	74.486574269532	404.355688891758
18174	3.609415410732	75.260151117405	408.555106065936	3.609415410732	75.260151117405	408.555106065936
18175	3.640204880865	75.902144324373	412.040212046613	3.640204880865	75.902144324373	412.040212046613
18176	3.67915175667	76.714228117728	416.448666924795	3.67915175667	76.714228117728	416.448666924795
18177	3.715468174917	77.471464072779	420.559376395077	3.715468174917	77.471464072779	420.559376395077
18178	3.746710785312	78.122905736283	424.095773996961	3.746710785312	78.122905736283	424.095773996961
18179	3.76841434599	78.575448065301	426.552432354504	3.76841434599	78.575448065301	426.552432354504
18180	3.810099898098	79.444636173063	431.27088208236	3.810099898098	79.444636173063	431.27088208236
18181	3.870214561935	80.69809086594	438.07535041509	3.870214561935	80.69809086594	438.07535041509
18182	3.90212845209	81.363529426608	441.68773117302	3.90212845209	81.363529426608	441.68773117302
18183	3.933232003197	82.012071556053	445.208388447159	3.933232003197	82.012071556053	445.208388447159
18184	3.975848714106	82.900675315467	450.032237426799	3.975848714106	82.900675315467	450.032237426799
18185	4.021733805678	83.857428288531	455.226039280584	4.021733805678	83.857428288531	455.226039280584
18186	4.058473514841	84.623490309366	459.384661679409	4.058473514841	84.623490309366	459.384661679409
18187	4.09231232775	85.329065557323	463.214927311182	4.09231232775	85.329065557323	463.214927311182
18188	4.119440122503	85.894708937265	466.285562802306	4.119440122503	85.894708937265	466.285562802306
18189	4.147258327191	86.474748098889	469.434346822539	4.147258327191	86.474748098889	469.434346822539
18190	4.191636021048	87.400070226144	474.457524084765	4.191636021048	87.400070226144	474.457524084765
18191	4.241703432591	88.444029019968	480.124728965547	4.241703432591	88.444029019968	480.124728965547
18192	4.262082147072	88.868946896487	482.431426009479	4.262082147072	88.868946896487	482.431426009479
18193	4.243750928217	88.486721481969	480.356488044963	4.243750928217	88.486721481969	480.356488044963
18194	4.25118177558	88.641662554566	481.197596724765	4.25118177558	88.641662554566	481.197596724765
18195	4.293613370898	89.526406456944	486.000492194835	4.293613370898	89.526406456944	486.000492194835
18196	4.340701110276	90.508235916474	491.330423546595	4.340701110276	90.508235916474	491.330423546595
18197	4.395869067546	91.658546514801	497.574966794616	4.395869067546	91.658546514801	497.574966794616
18198	4.437218162052	92.520719123661	502.255332385596	4.437218162052	92.520719123661	502.255332385596
18199	4.501772668773	93.866749263819	509.562353146455	4.501772668773	93.866749263819	509.562353146455
18200	4.534931686104	94.558150050768	513.315671704146	4.534931686104	94.558150050768	513.315671704146
18201	4.559320014498	95.066672642739	516.076222917726	4.559320014498	95.066672642739	516.076222917726
18202	4.616212723209	96.252946143534	522.515993350608	4.616212723209	96.252946143534	522.515993350608
18203	4.666284903573	97.2970043724	528.183738021618	4.666284903573	97.2970043724	528.183738021618
18204	4.708889109675	98.185347393318	533.006171563716	4.708889109675	98.185347393318	533.006171563716
18205	4.752410510529	99.092814900309	537.932423744514	4.752410510529	99.092814900309	537.932423744514
18206	4.778361346653	99.633917440935	540.869837536512	4.778361346653	99.633917440935	540.869837536512
18207	4.814209212444	100.381383578655	544.927510855548	4.814209212444	100.381383578655	544.927510855548
18208	4.860072602928	101.33768406096	550.118856330936	4.860072602928	101.33768406096	550.118856330936
18209	4.882343819652	101.802062622537	552.639768522336	4.882343819652	101.802062622537	552.639768522336
18210	4.873868469738	101.625342560433	551.680431042339	4.873868469738	101.625342560433	551.680431042339
18211	4.84912684242	101.109453310017	548.879889397248	4.84912684242	101.109453310017	548.879889397248
18212	4.905643085712	102.287877106365	555.277047148818	4.905643085712	102.287877106365	555.277047148818
18213	5.012208614367	104.509881746334	567.339358051539	5.012208614367	104.509881746334	567.339358051539
18214	5.050758103146	105.313679597529	571.702832100882	5.050758103146	105.313679597529	571.702832100882
18215	5.053434071364	105.369476381712	572.005728929295	5.053434071364	105.369476381712	572.005728929295
18216	4.987632474468	103.997443084722	564.5575481742	4.987632474468	103.997443084722	564.5575481742
18217	4.99660217334	104.184470848446	565.572841748703	4.99660217334	104.184470848446	565.572841748703
18218	5.096410956387	106.265590154505	576.870346553022	5.096410956387	106.265590154505	576.870346553022
18219	5.131360367631	106.994322559071	580.826322463545	5.131360367631	106.994322559071	580.826322463545
18220	5.194039355721	108.301246140636	587.921050477737	5.194039355721	108.301246140636	587.921050477737
18221	5.271284638485	109.91189246202	596.66455907955	5.271284638485	109.91189246202	596.66455907955
18222	5.324464793709	111.02075527302	602.684100053532	5.324464793709	111.02075527302	602.684100053532
18223	5.37285920598	112.02983025237	608.161935655737	5.37285920598	112.02983025237	608.161935655737
18224	5.41139840361	112.833413522127	612.524244834387	5.41139840361	112.833413522127	612.524244834387
18225	5.449987577628	113.638038852573	616.892210913978	5.449987577628	113.638038852573	616.892210913978
18226	5.491999989567	114.514042335651	621.647658393516	5.491999989567	114.514042335651	621.647658393516
18227	5.528450470977	115.274073650247	625.773542672772	5.528450470977	115.274073650247	625.773542672772
18228	5.564163927564	116.018737213077	629.816002013835	5.564163927564	116.018737213077	629.816002013835
18229	5.602905509328	116.826540407352	634.201219354203	5.602905509328	116.826540407352	634.201219354203
18230	5.637292752348	117.543551006403	638.093562606198	5.637292752348	117.543551006403	638.093562606198
18231	5.669440335477	118.213862314203	641.732395419963	5.669440335477	118.213862314203	641.732395419963
18232	5.687536869207	118.59119429418	643.780769025555	5.687536869207	118.59119429418	643.780769025555
18233	5.695742113191	118.762282360188	644.709532812444	5.695742113191	118.762282360188	644.709532812444
18234	5.74260421752	119.739407088771	650.013924196188	5.74260421752	119.739407088771	650.013924196188
18235	5.80856507748	121.114761190047	657.480132174546	5.80856507748	121.114761190047	657.480132174546
18236	5.84615346048	121.898518963164	661.734817228584	5.84615346048	121.898518963164	661.734817228584
18237	5.88115554138	122.62834958616	665.69675489631	5.88115554138	122.62834958616	665.69675489631
18238	5.902497170802	123.073345263555	668.112445716426	5.902497170802	123.073345263555	668.112445716426
18239	5.901461295336	123.051746158029	667.995193429299	5.901461295336	123.051746158029	667.995193429299
18240	5.904790495722	123.121163527902	668.372030580015	5.904790495722	123.121163527902	668.372030580015
18241	5.910946476246	123.249522270717	669.068835183882	5.910946476246	123.249522270717	669.068835183882
18242	5.893355755422	122.882737027941	667.07771529456	5.893355755422	122.882737027941	667.07771529456
18243	5.899062435219	123.001727372622	667.723662879966	5.899062435219	123.001727372622	667.723662879966
18244	5.96787912783	124.436628622899	675.513126810036	5.96787912783	124.436628622899	675.513126810036
18245	6.044034450771	126.024548122449	684.133261236171	6.044034450771	126.024548122449	684.133261236171
18246	6.072533959167	126.618793191225	687.359163038085	6.072533959167	126.618793191225	687.359163038085
18247	6.133210613667	127.883965987116	694.227243930057	6.133210613667	127.883965987116	694.227243930057
18248	6.219008938683	129.672952338591	703.938884123763	6.219008938683	129.672952338591	703.938884123763
18249	6.262359759459	130.576863069576	708.845828091975	6.262359759459	130.576863069576	708.845828091975
18250	6.292677455559	131.20901928603	712.277533267047	6.292677455559	131.20901928603	712.277533267047
18251	6.363989392482	132.695949034737	720.349437617127	6.363989392482	132.695949034737	720.349437617127
18252	6.40426962717	133.535834779374	724.908817373751	6.40426962717	133.535834779374	724.908817373751
18253	6.44003684505	134.281619322381	728.95736203578	6.44003684505	134.281619322381	728.95736203578
18254	6.459638801922	134.690340976218	731.176136728029	6.459638801922	134.690340976218	731.176136728029
18255	6.475887193833	135.029137233069	733.015316408085	6.475887193833	135.029137233069	733.015316408085
18256	6.521241571839	135.974824263819	738.149046003567	6.521241571839	135.974824263819	738.149046003567
18257	6.569357076423	136.978083721206	743.595311629422	6.569357076423	136.978083721206	743.595311629422
18258	6.610410747099	137.834096428827	748.242237756483	6.610410747099	137.834096428827	748.242237756483
18259	6.652458573462	138.710838340206	753.001693846848	6.652458573462	138.710838340206	753.001693846848
18260	6.672595277916	139.130710050159	755.280997415145	6.672595277916	139.130710050159	755.280997415145
18261	6.700584971772	139.714324943328	758.449192549473	6.700584971772	139.714324943328	758.449192549473
18262	6.742891143549	140.596453631475	763.237891142289	6.742891143549	140.596453631475	763.237891142289
18263	6.78144765105	141.400397830464	767.602159651089	6.78144765105	141.400397830464	767.602159651089
18264	6.825153548007	142.31171227752	772.549295220801	6.825153548007	142.31171227752	772.549295220801
18265	6.863496730848	143.111208430485	776.889417194037	6.863496730848	143.111208430485	776.889417194037
18266	6.896337796242	143.795979581283	780.606746298378	6.896337796242	143.795979581283	780.606746298378
18267	6.900398961957	143.880659206731	781.066435693689	6.900398961957	143.880659206731	781.066435693689
18268	6.917520199878	144.237655231461	783.004414113639	6.917520199878	144.237655231461	783.004414113639
18269	6.962878414206	145.183422253635	788.138577948285	6.962878414206	145.183422253635	788.138577948285
18270	7.005226803885	146.066431229892	792.932055247971	7.005226803885	146.066431229892	792.932055247971
18271	7.057671468363	147.159958276593	798.868344930057	7.057671468363	147.159958276593	798.868344930057
18272	7.090779602592	147.85029809658	802.615903952868	7.090779602592	147.85029809658	802.615903952868
18273	7.116888875751	148.394704217841	805.571251468299	7.116888875751	148.394704217841	805.571251468299
18274	7.163657025822	149.369869900152	810.865008029394	7.163657025822	149.369869900152	810.865008029394
18275	7.160828303223	149.310888024726	810.544820705649	7.160828303223	149.310888024726	810.544820705649
18276	7.130957827815	148.688056835199	807.163737105375	7.130957827815	148.688056835199	807.163737105375
18277	7.178510380959	149.679578156193	812.546281419345	7.178510380959	149.679578156193	812.546281419345
18278	7.208224506558	150.299149285701	815.909667550938	7.208224506558	150.299149285701	815.909667550938
18279	7.18072868727	149.725832202603	812.797374814146	7.18072868727	149.725832202603	812.797374814146
18280	7.108465245723	148.219062570333	804.617768238939	7.108465245723	148.219062570333	804.617768238939
18281	7.07167484478	147.45194357202	800.453407962402	7.07167484478	147.45194357202	800.453407962402
18282	7.142791002552	148.93479111699	808.503151777938	7.142791002552	148.93479111699	808.503151777938
18283	7.197478697826	150.075087741927	814.69333345617	7.197478697826	150.075087741927	814.69333345617
18284	7.193489615622	149.991911134236	814.241803300164	7.193489615622	149.991911134236	814.241803300164
18285	7.224238534527	150.633058805064	817.722319227507	7.224238534527	150.633058805064	817.722319227507
18286	7.24521339882	151.070407039314	820.096495356285	7.24521339882	151.070407039314	820.096495356285
18287	7.242127400475	151.00606069083	819.74718660735	7.242127400475	151.00606069083	819.74718660735
18288	7.178814605349	149.685921558369	812.580717031164	7.178814605349	149.685921558369	812.580717031164
18289	7.227135140796	150.693456127212	818.050190404878	7.227135140796	150.693456127212	818.050190404878
18290	7.3587031065	153.436788178146	832.942564395642	7.3587031065	153.436788178146	832.942564395642
18291	7.230353775867	150.760568092536	818.414512502337	7.230353775867	150.760568092536	818.414512502337
18292	7.194364084602	150.010144742808	814.340785746672	7.194364084602	150.010144742808	814.340785746672
18293	7.38069678207	153.895379711283	835.432061289831	7.38069678207	153.895379711283	835.432061289831
18294	7.52490336969	156.902240474325	851.755019717763	7.52490336969	156.902240474325	851.755019717763
18295	7.490802270996	156.191196288843	847.895065568001	7.490802270996	156.191196288843	847.895065568001
18296	7.484291637471	156.055442653692	847.158117262893	7.484291637471	156.055442653692	847.158117262893
18297	7.445595257046	155.248581955392	842.778016329267	7.445595257046	155.248581955392	842.778016329267
18298	7.299286248879	152.197883487252	826.21708178796	7.299286248879	152.197883487252	826.21708178796
18299	7.266403156113	151.512236021007	822.494995542594	7.266403156113	151.512236021007	822.494995542594
18300	7.382420311914	153.931317141978	835.627150199313	7.382420311914	153.931317141978	835.627150199313
18301	7.508333529459	156.556741678029	849.879454823595	7.508333529459	156.556741678029	849.879454823595
18302	7.460962430274	155.569003865208	844.517449553994	7.460962430274	155.569003865208	844.517449553994
18303	7.481768295555	156.002828290335	846.872496433251	7.481768295555	156.002828290335	846.872496433251
18304	7.547657001219	157.376677897773	854.330537159361	7.547657001219	157.376677897773	854.330537159361
18305	7.571423914956	157.872243333213	857.020749523137	7.571423914956	157.872243333213	857.020749523137
18306	7.556299447545	157.556882097702	855.308788530372	7.556299447545	157.556882097702	855.308788530372
18307	7.541825314446	157.25508102459	853.670439847755	7.541825314446	157.25508102459	853.670439847755
18308	7.554377398689	157.516805334285	855.091228957524	7.554377398689	157.516805334285	855.091228957524
18309	7.573346763273	157.912336766133	857.238399587565	7.573346763273	157.912336766133	857.238399587565
18310	7.571768358168	157.879425340593	857.059737563205	7.571768358168	157.879425340593	857.059737563205
18311	7.405527907107	154.413135084285	838.242733314699	7.405527907107	154.413135084285	838.242733314699
18312	7.295725007037	152.123627806299	825.813979519887	7.295725007037	152.123627806299	825.813979519887
18313	7.524251155701	156.888641118879	851.681194645365	7.524251155701	156.888641118879	851.681194645365
18314	7.550373189807	157.433313319425	854.637986591163	7.550373189807	157.433313319425	854.637986591163
18315	7.548616013589	157.396674325896	854.439089197734	7.548616013589	157.396674325896	854.439089197734
18316	7.502839513992	156.442185610875	849.257579030481	7.502839513992	156.442185610875	849.257579030481
18317	7.423395268122	154.785688569261	840.265166518839	7.423395268122	154.785688569261	840.265166518839
18318	7.334198420598	152.925839408241	830.168842501881	7.334198420598	152.925839408241	830.168842501881
18319	7.234701928821	150.851231707266	818.906686410852	7.234701928821	150.851231707266	818.906686410852
18320	7.130930168007	148.687480098855	807.160606250904	7.130930168007	148.687480098855	807.160606250904
18321	7.130505935745	148.678634404944	807.112586769687	7.130505935745	148.678634404944	807.112586769687
18322	7.090568973711	147.845906260407	802.592062556481	7.090568973711	147.845906260407	802.592062556481
18323	7.022345015709	146.423364157323	794.869691139774	7.022345015709	146.423364157323	794.869691139774
18324	7.131745104309	148.704472387809	807.252850105272	7.131745104309	148.704472387809	807.252850105272
18325	7.222472971605	150.596244939834	817.522472530548	7.222472971605	150.596244939834	817.522472530548
18326	7.124412181788	148.551573152115	806.422825682928	7.124412181788	148.551573152115	806.422825682928
18327	6.978130930431	145.501453443096	789.865032976821	6.978130930431	145.501453443096	789.865032976821
18328	6.981917366601	145.580404665393	790.293625326405	6.981917366601	145.580404665393	790.293625326405
18329	7.182111039462	149.754655716363	812.953845317421	7.182111039462	149.754655716363	812.953845317421
18330	7.139593353258	148.868116727436	808.14120509178	7.139593353258	148.868116727436	808.14120509178
18331	7.088377279662	147.8002071078	802.34398144233	7.088377279662	147.8002071078	802.34398144233
18332	7.138215393048	148.839384791223	807.9852317238	7.138215393048	148.839384791223	807.9852317238
18333	7.128576204759	148.638397460868	806.894157644703	7.128576204759	148.638397460868	806.894157644703
18334	7.123255849539	148.527462394638	806.291938713753	7.123255849539	148.527462394638	806.291938713753
18335	7.138882930311	148.853303653293	808.060791260754	7.138882930311	148.853303653293	808.060791260754
18336	7.111456607133	148.281435638046	804.956364892269	7.111456607133	148.281435638046	804.956364892269
18337	7.120090524501	148.461462000252	805.933650858534	7.120090524501	148.461462000252	805.933650858534
18338	7.099603214463	148.034279790972	803.61466172244	7.099603214463	148.034279790972	803.61466172244
18339	7.032179612934	146.62842597189	795.982883847426	7.032179612934	146.62842597189	795.982883847426
18340	6.960881810718	145.141790946957	787.912579426356	6.960881810718	145.141790946957	787.912579426356
18341	6.950926132893	144.93420447309	786.785681425356	6.950926132893	144.93420447309	786.785681425356
18342	6.98538910356	145.652794074252	790.686596403072	6.98538910356	145.652794074252	790.686596403072
18343	6.89727887559	143.815602086721	780.713268470775	6.89727887559	143.815602086721	780.713268470775
18344	6.946337908098	144.838535104962	786.266333426925	6.946337908098	144.838535104962	786.266333426925
18345	6.966198679599	145.252653319323	788.514403733451	6.966198679599	145.252653319323	788.514403733451
18346	6.922748690172	144.346674816324	783.596234717208	6.922748690172	144.346674816324	783.596234717208
18347	6.932121381819	144.542105408187	784.657143644427	6.932121381819	144.542105408187	784.657143644427
18348	7.041181058658	146.81611569114	797.001770894787	7.041181058658	146.81611569114	797.001770894787
18349	6.989529244455	145.739120416245	791.155225116774	6.989529244455	145.739120416245	791.155225116774
18350	6.947381249451	144.860289882138	786.384430788762	6.947381249451	144.860289882138	786.384430788762
18351	7.019393652621	146.361825097236	794.535621956424	7.019393652621	146.361825097236	794.535621956424
18352	7.042976152362	146.853545304618	797.204960225073	7.042976152362	146.853545304618	797.204960225073
18353	7.015260471921	146.275643882646	794.067781077243	7.015260471921	146.275643882646	794.067781077243
18354	6.96602243187	145.248978366711	788.494453990731	6.96602243187	145.248978366711	788.494453990731
18355	6.949491388713	144.904288530573	786.623280594543	6.949491388713	144.904288530573	786.623280594543
18356	6.931440509373	144.527908493394	784.580074678422	6.931440509373	144.527908493394	784.580074678422
18357	6.91253548641	144.133718652882	782.440186972779	6.91253548641	144.133718652882	782.440186972779
18358	6.852570108417	142.883376728787	775.652616527706	6.852570108417	142.883376728787	775.652616527706
18359	6.706552631814	139.838757003828	759.124680877935	6.706552631814	139.838757003828	759.124680877935
18360	6.64221306276	138.497208542712	751.84198923186	6.64221306276	138.497208542712	751.84198923186
18361	6.636665364642	138.381533135172	751.2140370195	6.636665364642	138.381533135172	751.2140370195
18362	6.691855572144	139.532307674427	757.461098804031	6.691855572144	139.532307674427	757.461098804031
18363	6.800706972594	141.801975173151	769.782150939951	6.800706972594	141.801975173151	769.782150939951
18364	6.770522200401	141.172590561624	766.365491620224	6.770522200401	141.172590561624	766.365491620224
18365	6.736150890639	140.455912187754	762.474951876402	6.736150890639	140.455912187754	762.474951876402
19001	6.673484645973	139.149254320371	755.381666310561	6.673484645973	139.149254320371	755.381666310561
19002	6.627581046144	138.192115430205	750.185769478275	6.627581046144	138.192115430205	750.185769478275
19003	6.643226174724	138.518333004942	751.956664883985	6.643226174724	138.518333004942	751.956664883985
19004	6.59227931622	137.456036806221	746.189914090932	6.59227931622	137.456036806221	746.189914090932
19005	6.529839370371	136.154097509904	739.122243625197	6.529839370371	136.154097509904	739.122243625197
19006	6.465085330572	134.803906892748	731.792637417753	6.465085330572	134.803906892748	731.792637417753
19007	6.404535617283	133.541380956042	724.938925189932	6.404535617283	133.541380956042	724.938925189932
19008	6.343158911886	132.261611354136	717.991604493867	6.343158911886	132.261611354136	717.991604493867
19009	6.368730530994	132.794806816395	720.88609414617	6.368730530994	132.794806816395	720.88609414617
19010	6.467758472484	134.859644745426	732.095214332319	6.467758472484	134.859644745426	732.095214332319
19011	6.472921745457	134.967304479699	732.679652889819	6.472921745457	134.967304479699	732.679652889819
19012	6.436974567735	134.217767582487	728.610738304941	6.436974567735	134.217767582487	728.610738304941
19013	6.397061350365	133.385534539506	724.092901785873	6.397061350365	133.385534539506	724.092901785873
19014	6.320871120447	131.796887192316	715.468816186884	6.320871120447	131.796887192316	715.468816186884
19015	6.313003251435	131.63283375327	714.57824037492	6.313003251435	131.63283375327	714.57824037492
19016	6.440821252137	134.297975044512	729.046150241643	6.440821252137	134.297975044512	729.046150241643
19017	6.474991986909	135.010471216446	732.913986603546	6.474991986909	135.010471216446	732.913986603546
19018	6.437304114408	134.224638981264	728.648040184029	6.437304114408	134.224638981264	728.648040184029
19019	6.409508581368	133.645072547646	725.501822401494	6.409508581368	133.645072547646	725.501822401494
19020	6.5147166432	135.838772560395	737.410479613587	6.5147166432	135.838772560395	737.410479613587
19021	6.642187992099	138.496685792778	751.839151446504	6.642187992099	138.496685792778	751.839151446504
19022	6.633030958677	138.305751904377	750.802653195174	6.633030958677	138.305751904377	750.802653195174
19023	6.648177078792	138.621564621684	752.517065089143	6.648177078792	138.621564621684	752.517065089143
19024	6.648030012006	138.618498122766	752.500418380713	6.648030012006	138.618498122766	752.500418380713
19025	6.645686098383	138.569625030096	752.23510730622	6.645686098383	138.569625030096	752.23510730622
19026	6.644868932403	138.552586250202	752.142611072502	6.644868932403	138.552586250202	752.142611072502
19027	6.664154923593	138.954719683512	754.325621139051	6.664154923593	138.954719683512	754.325621139051
19028	6.702756651522	139.759606776366	758.695008214557	6.702756651522	139.759606776366	758.695008214557
19029	6.747034067163	140.682837996171	763.706834836353	6.747034067163	140.682837996171	763.706834836353
19030	6.709704772896	139.904482498677	759.481476421383	6.709704772896	139.904482498677	759.481476421383
19031	6.6636558333	138.944313119862	754.269128364969	6.6636558333	138.944313119862	754.269128364969
19032	6.735843425214	140.449501206567	762.44014940706	6.735843425214	140.449501206567	762.44014940706
19033	6.838214134374	142.584039397638	774.027642444327	6.838214134374	142.584039397638	774.027642444327
19034	6.839547348438	142.611838329141	774.17855092962	6.839547348438	142.611838329141	774.17855092962
19035	6.785511178023	141.485126690619	768.062116320516	6.785511178023	141.485126690619	768.062116320516
19036	6.797695222215	141.739176973914	769.441246429824	6.797695222215	141.739176973914	769.441246429824
19037	6.755841937098	140.866491454461	764.703810752814	6.755841937098	140.866491454461	764.703810752814
19038	6.634424741076	138.334813750143	750.960417500802	6.634424741076	138.334813750143	750.960417500802
19039	6.631034684535	138.264127464807	750.576691951821	6.631034684535	138.264127464807	750.576691951821
19040	6.780003664248	141.370289169507	767.438712634473	6.780003664248	141.370289169507	767.438712634473
19041	6.845673131073	142.739567413947	774.871937389998	6.845673131073	142.739567413947	774.871937389998
19042	6.707150914239	139.851231828813	759.192401356434	6.707150914239	139.851231828813	759.192401356434
19043	6.585731434152	137.319506499384	745.448749568064	6.585731434152	137.319506499384	745.448749568064
19044	6.583277526993	137.268339924492	745.17098816151	6.583277526993	137.268339924492	745.17098816151
19045	6.564012530184	136.866644246295	742.990354479891	6.564012530184	136.866644246295	742.990354479891
19046	6.581761333605	137.236725679509	744.999367974489	6.581761333605	137.236725679509	744.999367974489
19047	6.658343411931	138.833543482722	753.667807477653	6.658343411931	138.833543482722	753.667807477653
19048	6.70070226744	139.71677068287	758.462469421293	6.70070226744	139.71677068287	758.462469421293
19049	6.75941114367	140.940913208391	765.107814559851	6.75941114367	140.940913208391	765.107814559851
19050	6.651983523861	138.700933050744	752.947922275452	6.651983523861	138.700933050744	752.947922275452
19051	6.612223288293	137.871889840908	748.447401993516	6.612223288293	137.871889840908	748.447401993516
19052	6.758378885106	140.91938951931	764.990971676235	6.758378885106	140.91938951931	764.990971676235
19053	6.749996004135	140.744597533065	764.042100893802	6.749996004135	140.744597533065	764.042100893802
19054	6.763507920756	141.026335368921	765.571534859835	6.763507920756	141.026335368921	765.571534859835
19055	6.761977615062	140.994426867327	765.398317279797	6.761977615062	140.994426867327	765.398317279797
19056	6.693026965236	139.556732466537	757.593690532605	6.693026965236	139.556732466537	757.593690532605
19057	6.507328927212	135.684730822662	736.574253037326	6.507328927212	135.684730822662	736.574253037326
19058	6.378268560588	132.993684880371	721.965717922023	6.378268560588	132.993684880371	721.965717922023
19059	6.460004698056	134.697970299825	731.217553056171	6.460004698056	134.697970299825	731.217553056171
19060	6.627746196558	138.195558992151	750.204463100238	6.627746196558	138.195558992151	750.204463100238
19061	6.654492304245	138.75324379065	753.231894863544	6.654492304245	138.75324379065	753.231894863544
19062	6.518216583234	135.911750033349	737.806643038188	6.518216583234	135.911750033349	737.806643038188
19063	6.596776718424	137.54981242674	746.698981745178	6.596776718424	137.54981242674	746.698981745178
19064	6.848670900546	142.802074096515	775.211259381084	6.848670900546	142.802074096515	775.211259381084
19065	6.833235453579	142.480228606569	773.464098149946	6.833235453579	142.480228606569	773.464098149946
19066	6.83465863581	142.509903470028	773.625190265883	6.83465863581	142.509903470028	773.625190265883
19067	6.965026174431	145.228205339199	788.381686127106	6.965026174431	145.228205339199	788.381686127106
19068	7.05457009422	147.095291326311	798.517295771418	7.05457009422	147.095291326311	798.517295771418
19069	6.981415209855	145.569934162989	790.236785456235	6.981415209855	145.569934162989	790.236785456235
19070	6.931714382226	144.53361903366	784.611074754144	6.931714382226	144.53361903366	784.611074754144
19071	6.96423276927	145.211661997542	788.291879415219	6.96423276927	145.211661997542	788.291879415219
19072	6.949080661725	144.895724436024	786.576789795564	6.949080661725	144.895724436024	786.576789795564
19073	6.914788274439	144.180691679763	782.695183404429	6.914788274439	144.180691679763	782.695183404429
19074	6.983731752345	145.6182365382	790.498998350226	6.983731752345	145.6182365382	790.498998350226
19075	7.079551952616	147.616189650387	801.345029530653	7.079551952616	147.616189650387	801.345029530653
19076	7.088170660218	147.795898872645	802.320593880087	7.088170660218	147.795898872645	802.320593880087
19077	7.010510326263	146.176598292264	793.530105015141	7.010510326263	146.176598292264	793.530105015141
19078	6.978712974786	145.5135896871	789.930915444279	6.978712974786	145.5135896871	789.930915444279
19079	7.051617738657	147.033731571948	798.18311424771	7.051617738657	147.033731571948	798.18311424771
19080	7.158270711582	149.257559518155	810.255323098548	7.158270711582	149.257559518155	810.255323098548
19081	7.321736159586	152.665988008419	828.758220617142	7.321736159586	152.665988008419	828.758220617142
19082	7.195615329411	150.036234528132	814.482416009844	7.195615329411	150.036234528132	814.482416009844
19083	6.981719289849	145.576274554224	790.27120472292	6.981719289849	145.576274554224	790.27120472292
19084	6.987527386434	145.697379546987	790.928631826515	6.987527386434	145.697379546987	790.928631826515
19085	6.947549556147	144.863799255828	786.403481674473	6.947549556147	144.863799255828	786.403481674473
19086	6.895408125807	143.776594963638	780.501515516874	6.895408125807	143.776594963638	780.501515516874
19087	6.937738855587	144.659235712266	785.292993866601	6.937738855587	144.659235712266	785.292993866601
19088	6.891641311437	143.698052876859	780.075144188685	6.891641311437	143.698052876859	780.075144188685
19089	6.833955640068	142.495245260991	773.545617131067	6.833955640068	142.495245260991	773.545617131067
19090	6.976778363127	145.473250975803	789.711933868668	6.976778363127	145.473250975803	789.711933868668
19091	7.169422748652	149.490091354815	811.517638783284	7.169422748652	149.490091354815	811.517638783284
19092	7.057338172767	147.153008708802	798.83061870492	7.057338172767	147.153008708802	798.83061870492
19093	6.89546553435	143.77779199278	780.508013675094	6.89546553435	143.77779199278	780.508013675094
19094	6.897797055522	143.826406689564	780.771922029045	6.897797055522	143.826406689564	780.771922029045
19095	6.984844563942	145.641439843938	790.624959152787	6.984844563942	145.641439843938	790.624959152787
19096	7.097172656355	147.983600068623	803.339543229687	7.097172656355	147.983600068623	803.339543229687
19097	7.096155407127	147.962389340079	803.22439927473	7.096155407127	147.962389340079	803.22439927473
19098	7.216199347752	150.46543320849	816.812351703225	7.216199347752	150.46543320849	816.812351703225
19099	7.372948039011	153.733810175217	834.554969522595	7.372948039011	153.733810175217	834.554969522595
19100	7.310929261149	152.440652679183	827.534971687005	7.310929261149	152.440652679183	827.534971687005
19101	7.234925020803	150.855883412526	818.931938525145	7.234925020803	150.855883412526	818.931938525145
19102	7.267282778412	151.530577081857	822.594561301521	7.267282778412	151.530577081857	822.594561301521
19103	7.421024133963	154.736247899727	839.996774312823	7.421024133963	154.736247899727	839.996774312823
19104	7.410656889207	154.52007981759	838.823290438347	7.410656889207	154.52007981759	838.823290438347
19105	7.400202170418	154.302087808746	837.639905247495	7.400202170418	154.302087808746	837.639905247495
19106	7.375732302321	153.791865027135	834.870124433025	7.375732302321	153.791865027135	834.870124433025
19107	7.366146874866	153.591998667363	833.785135622829	7.366146874866	153.591998667363	833.785135622829
19108	7.409991024504	154.50619583007	838.747920220398	7.409991024504	154.50619583007	838.747920220398
19109	7.326884312181	152.773332466707	829.340947676394	7.326884312181	152.773332466707	829.340947676394
19110	7.207097291712	150.27564565692	815.782076423298	7.207097291712	150.27564565692	815.782076423298
19111	7.24868346168	151.142761541385	820.489276938951	7.24868346168	151.142761541385	820.489276938951
19112	7.476240965508	155.887577578773	846.246849713325	7.476240965508	155.887577578773	846.246849713325
19113	7.814346550695	162.937438716663	884.517524461863	7.814346550695	162.937438716663	884.517524461863
19114	7.788805301349	162.404876496213	881.626472408034	7.788805301349	162.404876496213	881.626472408034
19115	7.816588743843	162.984190829049	884.771321643405	7.816588743843	162.984190829049	884.771321643405
19116	8.123775816555	169.38936808992	919.542283916688	8.123775816555	169.38936808992	919.542283916688
19117	8.678651972823	180.95912624187	982.349542455876	8.678651972823	180.95912624187	982.349542455876
19118	8.804512491651	183.583451953602	996.59588203386	8.804512491651	183.583451953602	996.59588203386
19119	8.715712304484	181.731873582783	986.544456592266	8.715712304484	181.731873582783	986.544456592266
19120	8.759781170829	182.650756328001	991.532677209165	8.759781170829	182.650756328001	991.532677209165
19121	8.876771064684	185.090120072109	1004.77493753432	8.876771064684	185.090120072109	1004.77493753432
19122	8.856275932782	184.662774768645	1002.4550630298	8.856275932782	184.662774768645	1002.4550630298
19123	8.343039464118	173.961248400765	944.361062746992	8.343039464118	173.961248400765	944.361062746992
19124	8.065747197675	168.179409653697	912.973938120054	8.065747197675	168.179409653697	912.973938120054
19125	8.289825408387	172.851678727983	938.337684523344	8.289825408387	172.851678727983	938.337684523344
19126	8.394514160976	175.034550590523	950.187560348556	8.394514160976	175.034550590523	950.187560348556
19127	8.447491607445	176.139186708447	956.184156417294	8.447491607445	176.139186708447	956.184156417294
19128	8.612853751584	179.587163330847	974.901743796051	8.612853751584	179.587163330847	974.901743796051
19129	8.920897386561	186.010200826218	1009.76966162806	8.920897386561	186.010200826218	1009.76966162806
19130	9.171011768166	191.22535176183	1038.08048099278	9.171011768166	191.22535176183	1038.08048099278
19131	9.347282236647	194.900778551286	1058.03279784984	9.347282236647	194.900778551286	1058.03279784984
19132	9.551090736765	199.150402596435	1081.10218552351	9.551090736765	199.150402596435	1081.10218552351
19133	10.01144507202	208.749280225158	1133.21037836514	10.01144507202	208.749280225158	1133.21037836514
19134	9.85140787329	205.412334379299	1115.09552948761	9.85140787329	205.412334379299	1115.09552948761
19135	9.739281521043	203.07438065151	1102.4037806796	9.739281521043	203.07438065151	1102.4037806796
19136	10.0093959747	208.706554366092	1132.97843798734	10.0093959747	208.706554366092	1132.97843798734
19137	9.926998035165	206.988469669431	1123.65169249121	9.926998035165	206.988469669431	1123.65169249121
19138	9.618208757433	200.549884729401	1088.69937424531	9.618208757433	200.549884729401	1088.69937424531
19139	9.555772272255	199.248017591691	1081.63209549774	9.555772272255	199.248017591691	1081.63209549774
19140	9.870316107309	205.806591173664	1117.23578065703	9.870316107309	205.806591173664	1117.23578065703
19141	10.438824743595	217.660601036628	1181.58611991312	10.438824743595	217.660601036628	1181.58611991312
19142	10.616119620597	221.357387833794	1201.65439109773	10.616119620597	221.357387833794	1201.65439109773
19143	10.900452558339	227.28603206754	1233.83845979524	10.900452558339	227.28603206754	1233.83845979524
