18091	0.0229343533689079	0.523319614209627	2.88251166290791	0.0229343533689079	0.523319614209627	2.88251166290791
18092	0.023229173183627	0.53004685823602	2.91956618721538	0.023229173183627	0.53004685823602	2.91956618721538
18093	0.0236539533132643	0.539739556782606	2.97295481597485	0.0236539533132643	0.539739556782606	2.97295481597485
18094	0.0237333014001109	0.541550133672606	2.98292770607929	0.0237333014001109	0.541550133672606	2.98292770607929
18095	0.023943759462132	0.546352398207933	3.009379196059	0.023943759462132	0.546352398207933	3.009379196059
18096	0.0245394911233826	0.559945895182686	3.0842539236738	0.0245394911233826	0.559945895182686	3.0842539236738
18097	0.0251267321299301	0.573345651088214	3.15806150059052	0.0251267321299301	0.573345651088214	3.15806150059052
18098	0.0253924935762297	0.579409836779965	3.19146381441151	0.0253924935762297	0.579409836779965	3.19146381441151
18099	0.0253369539577338	0.578142525194717	3.18448329939578	0.0253369539577338	0.578142525194717	3.18448329939578
18100	0.0261339883428575	0.596329378786158	3.28465882533723	0.0261339883428575	0.596329378786158	3.28465882533723
18101	0.0270894401209068	0.618131024895027	3.40474509283615	0.0270894401209068	0.618131024895027	3.40474509283615
18102	0.0277160738993878	0.632429651149297	3.48350376310641	0.0277160738993878	0.632429651149297	3.48350376310641
18103	0.0280692587560805	0.64048867770985	3.52789391669842	0.0280692587560805	0.64048867770985	3.52789391669842
18104	0.0279385222808613	0.637505512644136	3.51146226028652	0.0279385222808613	0.637505512644136	3.51146226028652
18105	0.028172019444645	0.642833486958685	3.54080942726508	0.028172019444645	0.642833486958685	3.54080942726508
18106	0.0282542812383982	0.6447105492625	3.55114852756981	0.0282542812383982	0.6447105492625	3.55114852756981
18107	0.0286072873192074	0.652765496487355	3.59551621165675	0.0286072873192074	0.652765496487355	3.59551621165675
18108	0.0287271649840547	0.65550088354236	3.61058307495506	0.0287271649840547	0.65550088354236	3.61058307495506
18109	0.0283138492620978	0.646069781619317	3.55863535400387	0.0283138492620978	0.646069781619317	3.55863535400387
18110	0.0281661427782009	0.642699392276925	3.54007081653158	0.0281661427782009	0.642699392276925	3.54007081653158
18111	0.0288686822579858	0.658730046536684	3.62836971955967	0.0288686822579858	0.658730046536684	3.62836971955967
18112	0.0297694314653588	0.679283480946616	3.74158067667031	0.0297694314653588	0.679283480946616	3.74158067667031
18113	0.0303046237200523	0.691495580400611	3.80884648928064	0.0303046237200523	0.691495580400611	3.80884648928064
18114	0.031099906882813	0.709642474329941	3.9088019122698	0.031099906882813	0.709642474329941	3.9088019122698
18115	0.0322821928819658	0.736620058699112	4.05739791262928	0.0322821928819658	0.736620058699112	4.05739791262928
18116	0.0329246182954341	0.751279020917358	4.13814135967939	0.0329246182954341	0.751279020917358	4.13814135967939
18117	0.0330029570062535	0.753066565709412	4.14798738602955	0.0330029570062535	0.753066565709412	4.14798738602955
18118	0.033209571245758	0.757781121309408	4.173955763926	0.033209571245758	0.757781121309408	4.173955763926
18119	0.0340131395683347	0.776117067293916	4.2749525099215	0.0340131395683347	0.776117067293916	4.2749525099215
18120	0.0348415938050937	0.795020863908424	4.37907705013552	0.0348415938050937	0.795020863908424	4.37907705013552
18121	0.0352626999185746	0.804629728187407	4.43200390897933	0.0352626999185746	0.804629728187407	4.43200390897933
18122	0.0354925747891931	0.809875048457551	4.46089580686321	0.0354925747891931	0.809875048457551	4.46089580686321
18123	0.035855318592282	0.818152192532027	4.5064873797422	0.035855318592282	0.818152192532027	4.5064873797422
18124	0.0361033245290886	0.823811230268288	4.53765808657735	0.0361033245290886	0.823811230268288	4.53765808657735
18125	0.0361535407542727	0.824957071843486	4.54396952917318	0.0361535407542727	0.824957071843486	4.54396952917318
18126	0.0359627648305054	0.820603917376015	4.51999179514179	0.0359627648305054	0.820603917376015	4.51999179514179
18127	0.0365307854133094	0.833565098686631	4.5913836468486	0.0365307854133094	0.833565098686631	4.5913836468486
18128	0.0371785317796756	0.848345475229185	4.67279585959439	0.0371785317796756	0.848345475229185	4.67279585959439
18129	0.0372812315193752	0.850688893737414	4.68570370978312	0.0372812315193752	0.850688893737414	4.68570370978312
18130	0.0373765208291058	0.852863219911099	4.69768017767088	0.0373765208291058	0.852863219911099	4.69768017767088
18131	0.0372459037387407	0.849882778987411	4.68126352618321	0.0372459037387407	0.849882778987411	4.68126352618321
18132	0.0375623909328163	0.857104432619487	4.72104132211273	0.0375623909328163	0.857104432619487	4.72104132211273
18133	0.0380631318555146	0.868530416263777	4.78397710785544	0.0380631318555146	0.868530416263777	4.78397710785544
18134	0.0386560583316633	0.882059904091997	4.85849926486825	0.0386560583316633	0.882059904091997	4.85849926486825
18135	0.0391383183441391	0.893064187475009	4.91911227139846	0.0391383183441391	0.893064187475009	4.91911227139846
18136	0.0394410916463411	0.8999729154061	4.95716643236721	0.0394410916463411	0.8999729154061	4.95716643236721
18137	0.0397199313249052	0.90633552221979	4.99221248806426	0.0397199313249052	0.90633552221979	4.99221248806426
18138	0.0399777998249679	0.912219605446329	5.02462277437017	0.0399777998249679	0.912219605446329	5.02462277437017
18139	0.0401049152318832	0.915120144416718	5.04059931563449	0.0401049152318832	0.915120144416718	5.04059931563449
18140	0.0404180064473854	0.922264308085662	5.07995028689241	0.0404180064473854	0.922264308085662	5.07995028689241
18141	0.0407827251513291	0.930586515752601	5.12579007582772	0.0407827251513291	0.930586515752601	5.12579007582772
18142	0.0410605560909706	0.93692610500589	5.16070934784517	0.0410605560909706	0.93692610500589	5.16070934784517
18143	0.0413203381682659	0.942853852533015	5.19336014272798	0.0413203381682659	0.942853852533015	5.19336014272798
18144	0.0415920814402557	0.949054532446422	5.22751428425651	0.0415920814402557	0.949054532446422	5.22751428425651
18145	0.0418609485823447	0.955189584383949	5.26130693846298	0.0418609485823447	0.955189584383949	5.26130693846298
18146	0.0420739315136156	0.960049461775437	5.28807576745561	0.0420739315136156	0.960049461775437	5.28807576745561
18147	0.0423463481270611	0.966265506098091	5.32231453812403	0.0423463481270611	0.966265506098091	5.32231453812403
18148	0.0426553112640442	0.973315474634385	5.36114667049058	0.0426553112640442	0.973315474634385	5.36114667049058
18149	0.0427763487068064	0.976077325680813	5.37635930085335	0.0427763487068064	0.976077325680813	5.37635930085335
18150	0.0430992466862983	0.983445261603777	5.41694283843311	0.0430992466862983	0.983445261603777	5.41694283843311
18151	0.043466268305211	0.991820017539846	5.46307206998535	0.043466268305211	0.991820017539846	5.46307206998535
18152	0.0437037265829758	0.997238377164456	5.49291709086302	0.0437037265829758	0.997238377164456	5.49291709086302
18153	0.0439620235149973	1.00313223641755	5.52538122477905	0.0439620235149973	1.00313223641755	5.52538122477905
18154	0.0440678358770502	1.00554667922295	5.53868028592069	0.0440678358770502	1.00554667922295	5.53868028592069
18155	0.0442186454464634	1.0089878752495	5.55763483570542	0.0442186454464634	1.0089878752495	5.55763483570542
18156	0.0442272370276521	1.00918391927485	5.55871467138167	0.0442272370276521	1.00918391927485	5.55871467138167
18157	0.043771620598461	0.998787593286639	5.50145037228282	0.043771620598461	0.998787593286639	5.50145037228282
18158	0.0433238626220898	0.98857058268753	5.44517376538272	0.0433238626220898	0.98857058268753	5.44517376538272
18159	0.0432416465825836	0.98669456441118	5.43484041571541	0.0432416465825836	0.98669456441118	5.43484041571541
18160	0.0441348941558203	1.0070768253758	5.54710852749961	0.0441348941558203	1.0070768253758	5.54710852749961
18161	0.0448369132509042	1.02309560541715	5.6353420258073	0.0448369132509042	1.02309560541715	5.6353420258073
18162	0.0451215335753181	1.02959011589986	5.67111462385821	0.0451215335753181	1.02959011589986	5.67111462385821
18163	0.0451653079482291	1.03058896629584	5.67661642015579	0.0451653079482291	1.03058896629584	5.67661642015579
18164	0.045090935169164	1.02889191674654	5.66726885322815	0.045090935169164	1.02889191674654	5.66726885322815
18165	0.0446522390511844	1.01888168103057	5.61213118894749	0.0446522390511844	1.01888168103057	5.61213118894749
18166	0.0443239536770648	1.01139081470564	5.57087053492162	0.0443239536770648	1.01139081470564	5.57087053492162
18167	0.044351072210964	1.01200960959686	5.57427893667544	0.044351072210964	1.01200960959686	5.57427893667544
18168	0.0436520201314798	0.996058531375317	5.48641834868846	0.0436520201314798	0.996058531375317	5.48641834868846
18169	0.042486789994794	0.969470130307833	5.33996601995083	0.042486789994794	0.969470130307833	5.33996601995083
18170	0.0421593689778403	0.961998987018105	5.29881400293647	0.0421593689778403	0.961998987018105	5.29881400293647
18171	0.0422032910380691	0.963001207366092	5.30433436136263	0.0422032910380691	0.963001207366092	5.30433436136263
18172	0.0411210968276161	0.938307532876803	5.16831843002223	0.0411210968276161	0.938307532876803	5.16831843002223
18173	0.0416528669827556	0.950441546335104	5.23515413493702	0.0416528669827556	0.950441546335104	5.23515413493702
18174	0.0438508382351633	1.00059519354511	5.51140686671845	0.0438508382351633	1.00059519354511	5.51140686671845
18175	0.0451407386304981	1.03002833981252	5.67352841746523	0.0451407386304981	1.03002833981252	5.67352841746523
18176	0.0451609375829939	1.0304892426275	5.67606712937968	0.0451609375829939	1.0304892426275	5.67606712937968
18177	0.0455095513651651	1.03844396570425	5.71988276598365	0.0455095513651651	1.03844396570425	5.71988276598365
18178	0.0461097717656454	1.05213988742341	5.79532166224855	0.0461097717656454	1.05213988742341	5.79532166224855
18179	0.047071009221573	1.07407355202291	5.91613510455346	0.047071009221573	1.07407355202291	5.91613510455346
18180	0.0459835652548356	1.04926008778462	5.7794593558869	0.0459835652548356	1.04926008778462	5.7794593558869
18181	0.0456161439163151	1.04087621098487	5.73327988544573	0.0456161439163151	1.04087621098487	5.73327988544573
18182	0.0463639377937783	1.05793948707412	5.82726660216566	0.0463639377937783	1.05793948707412	5.82726660216566
18183	0.0469806220069081	1.07201108261088	5.90477475807853	0.0469806220069081	1.07201108261088	5.90477475807853
18184	0.0457656234056465	1.04428705703886	5.75206726368274	0.0457656234056465	1.04428705703886	5.75206726368274
18185	0.0455636596061354	1.03967861589625	5.7266833778495	0.0455636596061354	1.03967861589625	5.7266833778495
18186	0.0454762041952908	1.03768304483621	5.71569151609133	0.0454762041952908	1.03768304483621	5.71569151609133
18187	0.0442645198432497	1.01003464431432	5.56340057418683	0.0442645198432497	1.01003464431432	5.56340057418683
18188	0.0431850699318511	0.985403589664329	5.4277295609657	0.0431850699318511	0.985403589664329	5.4277295609657
18189	0.0427270322586056	0.974952015355665	5.37016094702032	0.0427270322586056	0.974952015355665	5.37016094702032
18190	0.0441782391889784	1.00806587903105	5.55255636209069	0.0441782391889784	1.00806587903105	5.55255636209069
18191	0.0459485799371293	1.04846178740656	5.77506221485149	0.0459485799371293	1.04846178740656	5.77506221485149
18192	0.0477624169907186	1.08985020119154	6.00303491490909	0.0477624169907186	1.08985020119154	6.00303491490909
18193	0.0507366832025767	1.15771746657765	6.37685653117044	0.0507366832025767	1.15771746657765	6.37685653117044
18194	0.051486824780986	1.17483431286938	6.47113831944744	0.051486824780986	1.17483431286938	6.47113831944744
18195	0.0517291199930114	1.18036304240635	6.50159127198095	0.0517291199930114	1.18036304240635	6.50159127198095
18196	0.0514523098330928	1.17404674546229	6.46680029699498	0.0514523098330928	1.17404674546229	6.46680029699498
18197	0.0515493894511756	1.17626192316822	6.47900178037028	0.0515493894511756	1.17626192316822	6.47900178037028
18198	0.0513814276740902	1.17242934542023	6.45789144978527	0.0513814276740902	1.17242934542023	6.45789144978527
18199	0.0506405667378885	1.1555242662545	6.36477610204282	0.0506405667378885	1.1555242662545	6.36477610204282
18200	0.0512452103238661	1.16932111690288	6.44077092781564	0.0512452103238661	1.16932111690288	6.44077092781564
18201	0.0517437801140049	1.1806975593094	6.50343383405642	0.0517437801140049	1.1806975593094	6.50343383405642
18202	0.0509521211489455	1.16263336288247	6.40393391953418	0.0509521211489455	1.16263336288247	6.40393391953418
18203	0.0507639251253362	1.15833907697492	6.38028044109333	0.0507639251253362	1.15833907697492	6.38028044109333
18204	0.0496253584410224	1.13235908667815	6.23717931703973	0.0496253584410224	1.13235908667815	6.23717931703973
18205	0.0482863170884904	1.10180463446639	6.0688814691038	0.0482863170884904	1.10180463446639	6.0688814691038
18206	0.0467162155877386	1.06597781613728	5.87154275128312	0.0467162155877386	1.06597781613728	5.87154275128312
18207	0.0476604098263669	1.08752258597447	5.99021411127822	0.0476604098263669	1.08752258597447	5.99021411127822
18208	0.0484474224539531	1.10548076155595	6.08913004936387	0.0484474224539531	1.10548076155595	6.08913004936387
18209	0.0467560688651027	1.06688719437	5.8765517234115	0.0467560688651027	1.06688719437	5.8765517234115
18210	0.0438681846801756	1.00099100740416	5.51358706030201	0.0438681846801756	1.00099100740416	5.51358706030201
18211	0.0418233586609727	0.954331851757518	5.25658243696867	0.0418233586609727	0.954331851757518	5.25658243696867
18212	0.0432125721749739	0.986031140091822	5.43118618933809	0.0432125721749739	0.986031140091822	5.43118618933809
18213	0.0469237662505006	1.07071373918767	5.89762882384128	0.0469237662505006	1.07071373918767	5.89762882384128
18214	0.0469881008671707	1.07218173639843	5.90571474106325	0.0469881008671707	1.07218173639843	5.90571474106325
18215	0.0449027488896643	1.02459785318158	5.64361659947886	0.0449027488896643	1.02459785318158	5.64361659947886
18216	0.0406224060229549	0.926928329142249	5.10564031403184	0.0406224060229549	0.926928329142249	5.10564031403184
18217	0.0410739037593102	0.937230674161761	5.16238695388195	0.0410739037593102	0.937230674161761	5.16238695388195
18218	0.0432839865794586	0.987660684993429	5.44016193199435	0.0432839865794586	0.987660684993429	5.44016193199435
18219	0.0434475279470139	0.991392397154649	5.46071668196978	0.0434475279470139	0.991392397154649	5.46071668196978
18220	0.044881041919164	1.02410254017907	5.64088835183103	0.044881041919164	1.02410254017907	5.64088835183103
18221	0.0468583679852917	1.06922147148042	5.88940922160676	0.0468583679852917	1.06922147148042	5.88940922160676
18222	0.0481083795065597	1.09774442726405	6.04651732624201	0.0481083795065597	1.09774442726405	6.04651732624201
18223	0.0490810582000855	1.11993915978858	6.1687687642159	0.0490810582000855	1.11993915978858	6.1687687642159
18224	0.04943970404237	1.12812279596105	6.21384528355828	0.04943970404237	1.12812279596105	6.21384528355828
18225	0.0499452461187248	1.13965833307035	6.27738450385993	0.0499452461187248	1.13965833307035	6.27738450385993
18226	0.0515145090575237	1.17546601696341	6.47461782674878	0.0515145090575237	1.17546601696341	6.47461782674878
18227	0.0512694098487675	1.16987330539635	6.44381245297414	0.0512694098487675	1.16987330539635	6.44381245297414
18228	0.0516509835498611	1.17858011298917	6.49177066770856	0.0516509835498611	1.17858011298917	6.49177066770856
18229	0.051932582920452	1.18500569088138	6.52716357619561	0.051932582920452	1.18500569088138	6.52716357619561
18230	0.051708479345984	1.17989206093738	6.49899704554563	0.051708479345984	1.17989206093738	6.49899704554563
18231	0.0512182349786815	1.16870558931385	6.43738052278201	0.0512182349786815	1.16870558931385	6.43738052278201
18232	0.0496579638754706	1.13310308251278	6.24127734167375	0.0496579638754706	1.13310308251278	6.24127734167375
18233	0.0482820055417732	1.10170625292807	6.06833957095225	0.0482820055417732	1.10170625292807	6.06833957095225
18234	0.0496424145717921	1.132748276102	6.23932302238327	0.0496424145717921	1.132748276102	6.23932302238327
18235	0.0516234591370686	1.17795205669074	6.48831125293402	0.0516234591370686	1.17795205669074	6.48831125293402
18236	0.0522334890837459	1.19187181414875	6.56498306520338	0.0522334890837459	1.19187181414875	6.56498306520338
18237	0.0520313170446487	1.18725862136313	6.53957300671002	0.0520313170446487	1.18725862136313	6.53957300671002
18238	0.0508562912494717	1.16044670144861	6.39188950744874	0.0508562912494717	1.16044670144861	6.39188950744874
18239	0.0486523828366953	1.11015757919713	6.1148905617352	0.0486523828366953	1.11015757919713	6.1148905617352
18240	0.047861329771466	1.09210720828604	6.0154667999302	0.047861329771466	1.09210720828604	6.0154667999302
18241	0.046574292938907	1.06273940323593	5.85370515700228	0.046574292938907	1.06273940323593	5.85370515700228
18242	0.0451587300390901	1.03043887055005	5.67578967350609	0.0451587300390901	1.03043887055005	5.67578967350609
18243	0.0446225412423305	1.01820403184542	5.60839861018204	0.0446225412423305	1.01820403184542	5.60839861018204
18244	0.0460433881334029	1.05062513545913	5.7869782138379	0.0460433881334029	1.05062513545913	5.7869782138379
18245	0.0472820991638724	1.07889023489993	5.94266601261148	0.0472820991638724	1.07889023489993	5.94266601261148
18246	0.0474024190633734	1.08163571293351	5.9577884583161	0.0474024190633734	1.08163571293351	5.9577884583161
18247	0.0486180146126985	1.10937335975856	6.1105709803234	0.0486180146126985	1.10937335975856	6.1105709803234
18248	0.051211160441693	1.16854416143716	6.43649135729951	0.051211160441693	1.16854416143716	6.43649135729951
18249	0.0510066992418267	1.16387873422787	6.41079358489029	0.0510066992418267	1.16387873422787	6.41079358489029
18250	0.0517309219228546	1.18040415911957	6.50181774811939	0.0517309219228546	1.18040415911957	6.50181774811939
18251	0.05442410275004	1.24185757482346	6.84031105638098	0.05442410275004	1.24185757482346	6.84031105638098
18252	0.055381752337435	1.26370937088512	6.96067355626237	0.055381752337435	1.26370937088512	6.96067355626237
18253	0.0563825856786668	1.28654654050559	7.08646362029088	0.0563825856786668	1.28654654050559	7.08646362029088
18254	0.0582761182346933	1.32975345856314	7.32445287549448	0.0582761182346933	1.32975345856314	7.32445287549448
18255	0.0597071341999069	1.36240660167981	7.5043105825414	0.0597071341999069	1.36240660167981	7.5043105825414
18256	0.0591283177141334	1.3491990777893	7.43156184425836	0.0591283177141334	1.3491990777893	7.43156184425836
18257	0.0589360767592085	1.34481249401481	7.40739997730941	0.0589360767592085	1.34481249401481	7.40739997730941
18258	0.0575630878877662	1.31348342207806	7.2348354244173	0.0575630878877662	1.31348342207806	7.2348354244173
18259	0.0576443133287481	1.31533683672442	7.24504427038688	0.0576443133287481	1.31533683672442	7.24504427038688
18260	0.0595126532795629	1.35796890602873	7.47986718481018	0.0595126532795629	1.35796890602873	7.47986718481018
18261	0.0600481077813719	1.37018698947787	7.54716595803451	0.0600481077813719	1.37018698947787	7.54716595803451
18262	0.0600833052905203	1.37099013167301	7.55158976842034	0.0600833052905203	1.37099013167301	7.55158976842034
18263	0.0598020315381464	1.36457198378752	7.51623778536479	0.0598020315381464	1.36457198378752	7.51623778536479
18264	0.0594654124043084	1.35689095644736	7.47392970003802	0.0594654124043084	1.35689095644736	7.47392970003802
18265	0.0591331956439002	1.34931038314345	7.43217492844773	0.0591331956439002	1.34931038314345	7.43217492844773
18266	0.0597392225164408	1.36313879783809	7.50834361304215	0.0597392225164408	1.36313879783809	7.50834361304215
18267	0.0617084662218731	1.40807330458588	7.75584864868497	0.0617084662218731	1.40807330458588	7.75584864868497
18268	0.0625199811031596	1.42659057637327	7.85784416049667	0.0625199811031596	1.42659057637327	7.85784416049667
18269	0.0625730822552009	1.42780224665468	7.86451819606289	0.0625730822552009	1.42780224665468	7.86451819606289
18270	0.0622400053845991	1.42020204722365	7.82265532124316	0.0622400053845991	1.42020204722365	7.82265532124316
18271	0.0617944617729764	1.41003556434107	7.76665702749672	0.0617944617729764	1.41003556434107	7.76665702749672
18272	0.062198776493752	1.4192612800302	7.81747345468673	0.062198776493752	1.4192612800302	7.81747345468673
18273	0.0627927474136636	1.43281460013737	7.89212688295361	0.0627927474136636	1.43281460013737	7.89212688295361
18274	0.0617087335127732	1.40807940367089	7.7558822432287	0.0617087335127732	1.40807940367089	7.7558822432287
18275	0.0631423344014408	1.44079152996982	7.93606483722072	0.0631423344014408	1.44079152996982	7.93606483722072
18276	0.0656953989010194	1.4990477496888	8.25694757927213	0.0656953989010194	1.4990477496888	8.25694757927213
18277	0.0655703201535056	1.49619368352692	8.24122701620716	0.0655703201535056	1.49619368352692	8.24122701620716
18278	0.0660156472381449	1.50635522566337	8.29719809568926	0.0660156472381449	1.50635522566337	8.29719809568926
18279	0.067134096963513	1.53187618408664	8.43777081321442	0.067134096963513	1.53187618408664	8.43777081321442
18280	0.0683317524420661	1.55920447160847	8.58829853159149	0.0683317524420661	1.55920447160847	8.58829853159149
18281	0.0689601161295608	1.57354257119356	8.6672746260388	0.0689601161295608	1.57354257119356	8.6672746260388
18282	0.0690023646685908	1.57450660487658	8.67258464740875	0.0690023646685908	1.57450660487658	8.67258464740875
18283	0.0690922786065009	1.57655827498658	8.68388550994081	0.0690922786065009	1.57655827498658	8.68388550994081
18284	0.0695188359940369	1.58629152727815	8.73749751393735	0.0695188359940369	1.58629152727815	8.73749751393735
18285	0.0697481609671835	1.59152429990293	8.76632029777862	0.0697481609671835	1.59152429990293	8.76632029777862
18286	0.0700597377714163	1.59863390750184	8.80548092976357	0.0700597377714163	1.59863390750184	8.80548092976357
18287	0.0704652000044712	1.60788580730323	8.85644158240766	0.0704652000044712	1.60788580730323	8.85644158240766
18288	0.07104574519339	1.62113277700887	8.9294075933078	0.07104574519339	1.62113277700887	8.9294075933078
18289	0.0709519148106536	1.61899174085647	8.91761449113386	0.0709519148106536	1.61899174085647	8.91761449113386
18290	0.0710946835221595	1.62224945934648	8.9355584230771	0.0710946835221595	1.62224945934648	8.9355584230771
18291	0.0717845546039891	1.63799104414682	9.0222650943876	0.0717845546039891	1.63799104414682	9.0222650943876
18292	0.0721307929438842	1.64589156401515	9.06578217275643	0.0721307929438842	1.64589156401515	9.06578217275643
18293	0.0718527195470983	1.63954644233732	9.03083242743396	0.0718527195470983	1.63954644233732	9.03083242743396
18294	0.0717633303377394	1.63750674556438	9.01959751558053	0.0717633303377394	1.63750674556438	9.01959751558053
18295	0.0723499062649944	1.65089132558798	9.09332150179005	0.0723499062649944	1.65089132558798	9.09332150179005
18296	0.0726407740584731	1.65752839178387	9.12987931502241	0.0726407740584731	1.65752839178387	9.12987931502241
18297	0.0730932654860332	1.66785341100263	9.18675084727485	0.0730932654860332	1.66785341100263	9.18675084727485
18298	0.07361172183536	1.67968362798543	9.25191320217552	0.07361172183536	1.67968362798543	9.25191320217552
18299	0.0738510535127786	1.68514473513243	9.28199368189809	0.0738510535127786	1.68514473513243	9.28199368189809
18300	0.0739778511940518	1.68803802419008	9.29793028971168	0.0739778511940518	1.68803802419008	9.29793028971168
18301	0.0742177805625856	1.69351276954518	9.32808589043643	0.0742177805625856	1.69351276954518	9.32808589043643
18302	0.0745338450479952	1.70072477774569	9.36781055808975	0.0745338450479952	1.70072477774569	9.36781055808975
18303	0.0747618703997632	1.7059278954093	9.39646999859535	0.0747618703997632	1.7059278954093	9.39646999859535
18304	0.0749763044098689	1.71082088374155	9.42342120690327	0.0749763044098689	1.71082088374155	9.42342120690327
18305	0.0752159718478864	1.71628965232572	9.45354388680594	0.0752159718478864	1.71628965232572	9.45354388680594
18306	0.0754741243030421	1.72218021488338	9.48598986210003	0.0754741243030421	1.72218021488338	9.48598986210003
18307	0.0757206362290622	1.72780516205098	9.51697279370349	0.0757206362290622	1.72780516205098	9.51697279370349
18308	0.0759504734057607	1.73304962221544	9.54585995401476	0.0759504734057607	1.73304962221544	9.54585995401476
18309	0.0761830697705277	1.73835704195903	9.57509390377593	0.0761830697705277	1.73835704195903	9.57509390377593
18310	0.0763911795898764	1.74310572393069	9.60125025411153	0.0763911795898764	1.74310572393069	9.60125025411153
18311	0.076261439062287	1.74014528455168	9.5849437737015	0.076261439062287	1.74014528455168	9.5849437737015
18312	0.0763157717576834	1.74138505637941	9.59177259619488	0.0763157717576834	1.74138505637941	9.59177259619488
18313	0.0768400289139273	1.75334763706956	9.6576640273998	0.0768400289139273	1.75334763706956	9.6576640273998
18314	0.0771120981796879	1.75955575555915	9.69185914156143	0.0771120981796879	1.75955575555915	9.69185914156143
18315	0.0773539248777771	1.76507379447282	9.72225320876847	0.0773539248777771	1.76507379447282	9.72225320876847
18316	0.0774546444221962	1.76737202857957	9.7349121774693	0.0774546444221962	1.76737202857957	9.7349121774693
18317	0.0773604776720076	1.76522331714275	9.72307679884272	0.0773604776720076	1.76522331714275	9.72307679884272
18318	0.0772927420310119	1.76367771483411	9.71456342277213	0.0772927420310119	1.76367771483411	9.71456342277213
18319	0.076975122558084	1.75643022468846	9.6746433160068	0.076975122558084	1.75643022468846	9.6746433160068
18320	0.0767590843837605	1.75150063228954	9.64749048779736	0.0767590843837605	1.75150063228954	9.64749048779736
18321	0.0769119140736741	1.75498792373738	9.66669893708427	0.0769119140736741	1.75498792373738	9.66669893708427
18322	0.0767294541567756	1.75082452519791	9.64376640308106	0.0767294541567756	1.75082452519791	9.64376640308106
18323	0.0765935718929064	1.74772394273272	9.62668799654895	0.0765935718929064	1.74772394273272	9.62668799654895
18324	0.077395010096724	1.76601128333868	9.72741701787543	0.077395010096724	1.76601128333868	9.72741701787543
18325	0.0776712781027165	1.77231520933079	9.76213985206878	0.0776712781027165	1.77231520933079	9.76213985206878
18326	0.0773781975673892	1.76562765244994	9.72530392965741	0.0773781975673892	1.76562765244994	9.72530392965741
18327	0.0765686268946664	1.74715474391357	9.62355277633149	0.0765686268946664	1.74715474391357	9.62355277633149
18328	0.0770920764209974	1.75909889597975	9.68934270030804	0.0770920764209974	1.75909889597975	9.68934270030804
18329	0.0780511099004867	1.78098226990478	9.8098791351174	0.0780511099004867	1.78098226990478	9.8098791351174
18330	0.0777928214772402	1.77508860480624	9.77741607062961	0.0777928214772402	1.77508860480624	9.77741607062961
18331	0.0777781381957479	1.77475355942334	9.77557059761931	0.0777781381957479	1.77475355942334	9.77557059761931
18332	0.0781303614426073	1.78279064382233	9.81983989096659	0.0781303614426073	1.78279064382233	9.81983989096659
18333	0.0780881664617537	1.78182783223803	9.81453660107346	0.0780881664617537	1.78182783223803	9.81453660107346
18334	0.0782625351395522	1.78580660363516	9.83645218505862	0.0782625351395522	1.78580660363516	9.83645218505862
18335	0.0783492186953164	1.78778456238686	9.84734703595989	0.0783492186953164	1.78778456238686	9.84734703595989
18336	0.0783294743147557	1.78733403206444	9.84486545706699	0.0783294743147557	1.78733403206444	9.84486545706699
18337	0.0784828244734011	1.79083319964813	9.86413932163575	0.0784828244734011	1.79083319964813	9.86413932163575
18338	0.0783833815954543	1.78856409671394	9.8516408111757	0.0783833815954543	1.78856409671394	9.8516408111757
18339	0.0780687364951353	1.78138447626146	9.81209453939919	0.0780687364951353	1.78138447626146	9.81209453939919
18340	0.0777061505578824	1.77311093439399	9.76652280793908	0.0777061505578824	1.77311093439399	9.76652280793908
18341	0.0778455453898067	1.77629166717908	9.78404269272975	0.0778455453898067	1.77629166717908	9.78404269272975
18342	0.078079482413086	1.78162967827548	9.81344514359205	0.078079482413086	1.78162967827548	9.81344514359205
18343	0.0777208968519296	1.77344741760709	9.76837620070287	0.0777208968519296	1.77344741760709	9.76837620070287
18344	0.0780348064464543	1.78061025517485	9.80783003019447	0.0780348064464543	1.78061025517485	9.80783003019447
18345	0.0782007129602187	1.78439593560724	9.8286820443405	0.0782007129602187	1.78439593560724	9.8286820443405
18346	0.0778650937693052	1.77673772511903	9.78649963716537	0.0778650937693052	1.77673772511903	9.78649963716537
18347	0.0782436044585042	1.78537464043377	9.83407287625353	0.0782436044585042	1.78537464043377	9.83407287625353
18348	0.0789297331092626	1.80103082986443	9.92030917889763	0.0789297331092626	1.80103082986443	9.92030917889763
18349	0.0784671874753416	1.79047639221344	9.86217398044848	0.0784671874753416	1.79047639221344	9.86217398044848
18350	0.0785032924434385	1.79130024094689	9.86671184510736	0.0785032924434385	1.79130024094689	9.86671184510736
18351	0.0790022127857735	1.8026846823075	9.929418810615	0.0790022127857735	1.8026846823075	9.929418810615
18352	0.0791905756681668	1.80698277562455	9.95309326075635	0.0791905756681668	1.80698277562455	9.95309326075635
18353	0.0790160980514557	1.8030015184425	9.93116398474863	0.0790160980514557	1.8030015184425	9.93116398474863
18354	0.0787787529801232	1.79758574197973	9.90133319225817	0.0787787529801232	1.79758574197973	9.90133319225817
18355	0.0787694821059953	1.79737419774327	9.90016797942792	0.0787694821059953	1.79737419774327	9.90016797942792
18356	0.0786596178695778	1.79486729864338	9.88635965713884	0.0786596178695778	1.79486729864338	9.88635965713884
18357	0.0786451216767008	1.79453652227737	9.88453769842197	0.0786451216767008	1.79453652227737	9.88453769842197
18358	0.0781155549238225	1.78245278639188	9.81797892883713	0.0781155549238225	1.78245278639188	9.81797892883713
18359	0.0770867550038686	1.75897747106256	9.68867387626536	0.0770867550038686	1.75897747106256	9.68867387626536
18360	0.0768600094735619	1.75380355656255	9.6601752905364	0.0768600094735619	1.75380355656255	9.6601752905364
18361	0.0767769981189944	1.7519093906644	9.64974198143691	0.0767769981189944	1.7519093906644	9.64974198143691
18362	0.0774907042570731	1.76819484745625	9.73944436954482	0.0774907042570731	1.76819484745625	9.73944436954482
18363	0.0781761045285488	1.78383441661602	9.82558912560174	0.0781761045285488	1.78383441661602	9.82558912560174
18364	0.0779298309916371	1.7782149090479	9.79463615601096	0.0779298309916371	1.7782149090479	9.79463615601096
18365	0.077799210491843	1.77523439032734	9.77821907600808	0.077799210491843	1.77523439032734	9.77821907600808
19001	0.0772032326139624	1.76163527514352	9.70331340257604	0.0772032326139624	1.76163527514352	9.70331340257604
19002	0.0771195975091096	1.75972687641512	9.69280169721903	0.0771195975091096	1.75972687641512	9.69280169721903
19003	0.0771870928676867	1.76126699592246	9.70128487331568	0.0771870928676867	1.76126699592246	9.70128487331568
19004	0.0767918689937741	1.75224871657988	9.65161103217057	0.0767918689937741	1.75224871657988	9.65161103217057
19005	0.0763509922420396	1.74218872282638	9.59619929422716	0.0763509922420396	1.74218872282638	9.59619929422716
19006	0.0758406215084175	1.73054300467044	9.53205318256626	0.0758406215084175	1.73054300467044	9.53205318256626
19007	0.075421242049944	1.72097353947185	9.47934333891864	0.075421242049944	1.72097353947185	9.47934333891864
19008	0.0748945402663204	1.70895517689691	9.41314465392642	0.0748945402663204	1.70895517689691	9.41314465392642
19009	0.07542351561593	1.72102541805137	9.47962909279917	0.07542351561593	1.72102541805137	9.47962909279917
19010	0.0761395448241088	1.73736388301523	9.56962345672818	0.0761395448241088	1.73736388301523	9.56962345672818
19011	0.0761856039041893	1.73841486621196	9.57541240718946	0.0761856039041893	1.73841486621196	9.57541240718946
19012	0.075860963276692	1.7310071662779	9.53460984432834	0.075860963276692	1.7310071662779	9.53460984432834
19013	0.0756271080431914	1.72567102147329	9.50521767324093	0.0756271080431914	1.72567102147329	9.50521767324093
19014	0.0748381537539924	1.70766854075751	9.40605769678392	0.0748381537539924	1.70766854075751	9.40605769678392
19015	0.0751724001990559	1.71529542771909	9.44806756995036	0.0751724001990559	1.71529542771909	9.44806756995036
19016	0.0762143663890681	1.73907117303031	9.57902742945684	0.0762143663890681	1.73907117303031	9.57902742945684
19017	0.0764162497330795	1.74367777832692	9.60440120321454	0.0764162497330795	1.74367777832692	9.60440120321454
19018	0.0761017175284198	1.73650073394501	9.56486912076558	0.0761017175284198	1.73650073394501	9.56486912076558
19019	0.0759644209253859	1.73336787887052	9.54761295255552	0.0759644209253859	1.73336787887052	9.54761295255552
19020	0.0771643260573623	1.76074749933129	9.69842341935486	0.0771643260573623	1.76074749933129	9.69842341935486
19021	0.0779348324671769	1.77832903348856	9.79526476809099	0.0779348324671769	1.77832903348856	9.79526476809099
19022	0.077989489397567	1.7795762037604	9.80213434216497	0.077989489397567	1.7795762037604	9.80213434216497
19023	0.0781085302725528	1.78229249681521	9.81709603325739	0.0781085302725528	1.78229249681521	9.81709603325739
19024	0.0781603765555541	1.78347553330123	9.82361235020022	0.0781603765555541	1.78347553330123	9.82361235020022
19025	0.0781563251288897	1.78338308722241	9.82310314532211	0.0781563251288897	1.78338308722241	9.82310314532211
19026	0.0782169565016743	1.78476658324275	9.83072361913173	0.0782169565016743	1.78476658324275	9.83072361913173
19027	0.0784299357360588	1.7896263762781	9.85749198347997	0.0784299357360588	1.7896263762781	9.85749198347997
19028	0.078815950551175	1.79843452189601	9.90600838107489	0.078815950551175	1.79843452189601	9.90600838107489
19029	0.0791976300895476	1.80714374450019	9.95397989800221	0.0791976300895476	1.80714374450019	9.95397989800221
19030	0.0787352009858249	1.79659196585325	9.89585934568893	0.0787352009858249	1.79659196585325	9.89585934568893
19031	0.0785871975042629	1.7932147995723	9.87725747996847	0.0785871975042629	1.7932147995723	9.87725747996847
19032	0.0793022919888985	1.80953193587013	9.96713436286494	0.0793022919888985	1.80953193587013	9.96713436286494
19033	0.0801531455067701	1.82894684273753	10.0740741640113	0.0801531455067701	1.82894684273753	10.0740741640113
19034	0.0799835919729911	1.82507794403968	10.0527637729685	0.0799835919729911	1.82507794403968	10.0527637729685
19035	0.079701829139106	1.8186486362168	10.0173503195441	0.079701829139106	1.8186486362168	10.0173503195441
19036	0.0798700121407687	1.82248626190135	10.0384884548121	0.0798700121407687	1.82248626190135	10.0384884548121
19037	0.0793697096286779	1.81107028197795	9.97560777084921	0.0793697096286779	1.81107028197795	9.97560777084921
19038	0.0783738186580304	1.78834588813213	9.85043889027513	0.0783738186580304	1.78834588813213	9.85043889027513
19039	0.0786932984889878	1.79563582821438	9.89059281674454	0.0786932984889878	1.79563582821438	9.89059281674454
19040	0.080008384439357	1.82564366236298	10.0558798221677	0.080008384439357	1.82564366236298	10.0558798221677
19041	0.0803510422158094	1.83346248038216	10.0989468762557	0.0803510422158094	1.83346248038216	10.0989468762557
19042	0.0790073486420948	1.80280187306957	9.93006431238717	0.0790073486420948	1.80280187306957	9.93006431238717
19043	0.0782555114877503	1.78564633686451	9.83556941509728	0.0782555114877503	1.78564633686451	9.83556941509728
19044	0.0782963223231183	1.78657756480353	9.84069873821484	0.0782963223231183	1.78657756480353	9.84069873821484
19045	0.0780728335188402	1.78147796278057	9.81260947515609	0.0780728335188402	1.78147796278057	9.81260947515609
19046	0.0784484518907253	1.79004888075254	9.85981919240196	0.0784484518907253	1.79004888075254	9.85981919240196
19047	0.0790706324363361	1.804245892452	9.93801815665047	0.0790706324363361	1.804245892452	9.93801815665047
19048	0.0794745600012553	1.81346277395905	9.98878592403072	0.0794745600012553	1.81346277395905	9.98878592403072
19049	0.0800380812850258	1.82632128957003	10.059612279875	0.0800380812850258	1.82632128957003	10.059612279875
19050	0.0786941403415482	1.79565503773601	9.89069862525741	0.0786941403415482	1.79565503773601	9.89069862525741
19051	0.0790259038717006	1.80322526916201	9.93239643245562	0.0790259038717006	1.80322526916201	9.93239643245562
19052	0.0800292313228964	1.8261193497685	10.0584999695062	0.0800292313228964	1.8261193497685	10.0584999695062
19053	0.0799870541047911	1.82515694349734	10.0531989121298	0.0799870541047911	1.82515694349734	10.0531989121298
19054	0.0801901591926775	1.82979142673422	10.0787262411638	0.0801901591926775	1.82979142673422	10.0787262411638
19055	0.0800979573890987	1.82768755175234	10.067137827491	0.0800979573890987	1.82768755175234	10.067137827491
19056	0.0794690105350183	1.81333614538211	9.98808843756168	0.0794690105350183	1.81333614538211	9.98808843756168
19057	0.0776139165607137	1.77100632481382	9.75493034800452	0.0776139165607137	1.77100632481382	9.75493034800452
19058	0.0768402982556503	1.75335378295056	9.65769787970181	0.0768402982556503	1.75335378295056	9.65769787970181
19059	0.0777798487184741	1.77479259039486	9.77578558522452	0.0777798487184741	1.77479259039486	9.77578558522452
19060	0.0793114596915367	1.80974112592361	9.96828660855297	0.0793114596915367	1.80974112592361	9.96828660855297
19061	0.0791823905321543	1.80679600592796	9.95206450927428	0.0791823905321543	1.80679600592796	9.95206450927428
19062	0.0780105106916716	1.78005587089311	9.80477641035207	0.0780105106916716	1.78005587089311	9.80477641035207
19063	0.0793644713195954	1.81095075343297	9.97494939226827	0.0793644713195954	1.81095075343297	9.97494939226827
19064	0.081205036430894	1.85294905216322	10.2062814169528	0.081205036430894	1.85294905216322	10.2062814169528
19065	0.0809680939431801	1.84754246191558	10.1765012233154	0.0809680939431801	1.84754246191558	10.1765012233154
19066	0.0812006006180252	1.85284783510068	10.2057239003696	0.0812006006180252	1.85284783510068	10.2057239003696
19067	0.0824574443452166	1.88152668921336	10.3636907130286	0.0824574443452166	1.88152668921336	10.3636907130286
19068	0.0829992778153755	1.89389032894667	10.4317912289649	0.0829992778153755	1.89389032894667	10.4317912289649
19069	0.082300558233096	1.87794683769764	10.3439724309972	0.082300558233096	1.87794683769764	10.3439724309972
19070	0.0820839081295832	1.87300328220405	10.3167426922685	0.0820839081295832	1.87300328220405	10.3167426922685
19071	0.0824084655276951	1.88040908299715	10.3575347944173	0.0824084655276951	1.88040908299715	10.3575347944173
19072	0.0821557030323218	1.87464150937353	10.3257662579716	0.0821557030323218	1.87464150937353	10.3257662579716
19073	0.082010793812569	1.87133494843603	10.3075532955531	0.082010793812569	1.87133494843603	10.3075532955531
19074	0.0827607824427882	1.88844830473235	10.4018158604871	0.0827607824427882	1.88844830473235	10.4018158604871
19075	0.0835171335536335	1.90570684109341	10.496878095868	0.0835171335536335	1.90570684109341	10.496878095868
19076	0.0835182019159753	1.90573121915019	10.4970123733364	0.0835182019159753	1.90573121915019	10.4970123733364
19077	0.0827604681493414	1.88844113313598	10.4017763584129	0.0827604681493414	1.88844113313598	10.4017763584129
19078	0.0827626193327056	1.88849021916994	10.4020467305938	0.0827626193327056	1.88849021916994	10.4020467305938
19079	0.0834125735208956	1.90332097413156	10.4837364341437	0.0834125735208956	1.90332097413156	10.4837364341437
19080	0.0844447917864739	1.92687428979883	10.613471122597	0.0844447917864739	1.92687428979883	10.613471122597
19081	0.0858586453887623	1.95913581946993	10.7911717724775	0.0858586453887623	1.95913581946993	10.7911717724775
19082	0.0841449822467146	1.9200331894565	10.575789463075	0.0841449822467146	1.9200331894565	10.575789463075
19083	0.0828114062617417	1.88960344684508	10.4081785316384	0.0828114062617417	1.88960344684508	10.4081785316384
19084	0.0829476898359218	1.89271318647087	10.4253073769875	0.0829476898359218	1.89271318647087	10.4253073769875
19085	0.0824100559293887	1.88044537302842	10.3577346845715	0.0824100559293887	1.88044537302842	10.3577346845715
19086	0.0821820420814013	1.87524251785984	10.3290766899223	0.0821820420814013	1.87524251785984	10.3290766899223
19087	0.0826054230255484	1.88490328957601	10.3822894615983	0.0826054230255484	1.88490328957601	10.3822894615983
19088	0.0819321651269441	1.86954078695413	10.2976708236252	0.0819321651269441	1.86954078695413	10.2976708236252
19089	0.0817309243539851	1.86494884394295	10.2723778116194	0.0817309243539851	1.86494884394295	10.2723778116194
19090	0.0832526951588481	1.89967284499527	10.4636420702069	0.0832526951588481	1.89967284499527	10.4636420702069
19091	0.0847585737749257	1.93403421563154	10.6529089138779	0.0847585737749257	1.93403421563154	10.6529089138779
19092	0.0833190713240139	1.90118742657464	10.4719845801156	0.0833190713240139	1.90118742657464	10.4719845801156
19093	0.082284552915983	1.87758162590195	10.3419607975099	0.082284552915983	1.87758162590195	10.3419607975099
19094	0.0823625352267366	1.8793610383023	10.3517620296018	0.0823625352267366	1.8793610383023	10.3517620296018
19095	0.0833414321770541	1.90169765996985	10.4747950112032	0.0833414321770541	1.90169765996985	10.4747950112032
19096	0.0841871240518735	1.92099478766959	10.5810860695636	0.0841871240518735	1.92099478766959	10.5810860695636
19097	0.0841294316335861	1.91967835316649	10.5738349792058	0.0841294316335861	1.91967835316649	10.5738349792058
19098	0.0856205896832395	1.95370382764654	10.7612516636977	0.0856205896832395	1.95370382764654	10.7612516636977
19099	0.0864722443543065	1.97313701535119	10.868292158044	0.0864722443543065	1.97313701535119	10.868292158044
