Day        Pexc        Nexc        Cexc        Pwst        Nwst        Cwst
18091        0.05102        1.1641        6.41204        0.97101        11.11279        70.35744
18092        0.05196        1.18559        6.53037        0.98893        11.31788        71.65592
18093        0.05706        1.30194        7.17124        1.08598        12.42858        78.68797
18094        0.05816        1.32711        7.3099        1.10697        12.66888        80.20939
18095        0.05781        1.31907        7.26563        1.10027        12.59217        79.7237
18096        0.06147        1.40254        7.72539        1.16989        13.38899        84.76852
18097        0.06311        1.44007        7.93211        1.2012        13.74725        87.03676
18098        0.06351        1.44917        7.98224        1.20879        13.83412        87.58678
18099        0.06575        1.50027        8.26369        1.25141        14.32191        90.67503
18100        0.06892        1.57265        8.66235        1.31178        15.01285        95.04952
18101        0.07019        1.60166        8.82215        1.33598        15.28978        96.80286
18102        0.07374        1.68263        9.26815        1.40352        16.06275        101.69669
18103        0.07409        1.69067        9.31244        1.41023        16.13952        102.18274
18104        0.07899        1.80249        9.92834        1.5035        17.20694        108.94079
18105        0.08106        1.84969        10.18836        1.54287        17.65758        111.7939
18106        0.07996        1.82452        10.0497        1.52188        17.41727        110.27244
18107        0.08313        1.89693        10.44854        1.58227        18.10851        114.64883
18108        0.08383        1.91296        10.53681        1.59564        18.2615        115.61741
18109        0.0866        1.97595        10.88379        1.64819        18.86285        119.42472
18110        0.08854        2.02025        11.1278        1.68514        19.28574        122.10211
18111        0.07521        1.71624        9.45326        1.43155        16.38358        103.72789
18112        0.09612        2.1932        12.08044        1.8294        20.93677        132.55513
18113        0.10527        2.40204        13.23072        2.00359        22.93035        145.17691
18114        0.10501        2.39607        13.19787        1.99862        22.87341        144.81643
18115        0.09789        2.23378        12.30393        1.86324        21.32411        135.00745
18116        0.09872        2.25258        12.40751        1.87893        21.50363        136.14401
18117        0.10292        2.34852        12.93592        1.95895        22.41943        141.94216
18118        0.10355        2.36283        13.01476        1.97089        22.55606        142.80721
18119        0.10041        2.29118        12.6201        1.91112        21.87208        138.47677
18120        0.10906        2.48844        13.70667        2.07567        23.75522        150.39935
18121        0.11366        2.59354        14.28555        2.16333        24.75849        156.75126
18122        0.11168        2.54823        14.03597        2.12554        24.32593        154.01262
18123        0.11071        2.5261        13.91409        2.10708        24.1147        152.67526
18124        0.11818        2.69659        14.85318        2.24929        25.74225        162.97963
18125        0.12358        2.81981        15.53185        2.35206        26.91846        170.42649
18126        0.12219        2.78821        15.3578        2.32571        26.61682        168.51674
18127        0.12571        2.8684        15.79952        2.3926        27.38237        173.3636
18128        0.13147        2.99995        16.52413        2.50233        28.6382        181.31453
18129        0.13017        2.97019        16.36017        2.4775        28.35404        179.51543
18130        0.12949        2.95466        16.27464        2.46455        28.2058        178.57688
18131        0.13271        3.02814        16.6794        2.52584        28.9073        183.01825
18132        0.14424        3.29134        18.12914        2.74538        31.41987        198.92585
18133        0.15382        3.50978        19.33233        2.92759        33.50513        212.12808
18134        0.15914        3.63132        20.00176        3.02896        34.66532        219.47351
18135        0.16688        3.8079        20.97438        3.17625        36.35099        230.14583
18136        0.17309        3.94957        21.75471        3.29442        37.7034        238.7082
18137        0.17064        3.8936        21.44647        3.24774        37.16918        235.32594
18138        0.18041        4.11654        22.67443        3.4337        39.29737        248.8
18139        0.18254        4.16526        22.94277        3.47434        39.76244        251.7444
18140        0.17914        4.08766        22.51535        3.40961        39.02166        247.05441
18141        0.17883        4.08065        22.47674        3.40376        38.95475        246.63078
18142        0.18399        4.19829        23.12473        3.50189        40.07779        253.74101
18143        0.1864        4.25336        23.42803        3.54782        40.60344        257.06899
18144        0.20326        4.63794        25.54636        3.86861        44.27475        280.31285
18145        0.2014        4.59559        25.31308        3.83328        43.87044        277.75307
18146        0.21004        4.79276        26.39913        3.99775        45.7527        289.67003
18147        0.22511        5.13666        28.29339        4.28461        49.03567        310.45519
18148        0.22887        5.2224        28.76566        4.35613        49.85417        315.63728
18149        0.23268        5.3094        29.24484        4.42869        50.68464        320.89521
18150        0.23776        5.42529        29.88318        4.52536        51.79096        327.89954
18151        0.24379        5.56282        30.64071        4.64007        53.10383        336.21162
18152        0.24802        5.65937        31.17254        4.72061        54.02556        342.04727
18153        0.25073        5.72126        31.51342        4.77223        54.61635        345.78766
18154        0.25211        5.75258        31.68594        4.79836        54.91534        347.68064
18155        0.2628        5.99665        33.0303        5.00194        57.24527        362.43193
18156        0.26016        5.9363        32.69791        4.95161        56.66921        358.78475
18157        0.25494        5.81722        32.042        4.85228        55.53244        351.58764
18158        0.27223        6.21173        34.21502        5.18135        59.29853        375.43159
18159        0.28172        6.42832        35.40801        5.36201        61.36612        388.52192
18160        0.28216        6.43847        35.46393        5.37048        61.46303        389.13545
18161        0.27733        6.32818        34.85641        5.27848        60.41014        382.46936
18162        0.29178        6.65797        36.67297        5.55357        63.55843        402.40189
18163        0.299        6.82259        37.57969        5.69088        65.12988        412.35105
18164        0.30708        7.00695        38.5952        5.84466        66.88987        423.49394
18165        0.31274        7.13619        39.30707        5.95246        68.12363        431.30513
18166        0.31635        7.21851        39.76049        6.02113        68.90945        436.28035
18167        0.32198        7.34692        40.46778        6.12824        70.13528        444.04131
18168        0.32677        7.45629        41.07019        6.21946        71.17932        450.65137
18169        0.33085        7.54946        41.58342        6.29718        72.06881        456.28288
18170        0.33734        7.69745        42.39856        6.42062        73.48152        465.2271
18171        0.34171        7.79718        42.94788        6.50381        74.43357        471.25468
18172        0.34401        7.84976        43.2375        6.54767        74.93551        474.43261
18173        0.34754        7.93016        43.68036        6.61473        75.70303        479.29194
18174        0.35469        8.09348        44.57995        6.75096        77.26213        489.16292
18175        0.3584        8.1781        45.04602        6.82154        78.06988        494.27693
18176        0.36356        8.29585        45.69459        6.91976        79.19392        501.39349
18177        0.36797        8.39632        46.24801        7.00356        80.15307        507.46605
18178        0.37236        8.49656        46.80015        7.08718        81.10999        513.52455
18179        0.37672        8.59603        47.34805        7.17015        82.05956        519.53644
18180        0.38022        8.67589        47.78791        7.23676        82.82189        524.36293
18181        0.38365        8.75422        48.21937        7.3021        83.56965        529.09718
18182        0.38571        8.80129        48.47863        7.34136        84.01899        531.94204
18183        0.39393        8.98869        49.51088        7.49767        85.80799        543.26854
18184        0.39794        9.08024        50.01512        7.57404        86.68191        548.80152
18185        0.39992        9.12535        50.26358        7.61166        87.11251        551.52775
18186        0.39115        8.92534        49.1619        7.44483        85.20318        539.43937
18187        0.39493        9.01161        49.63709        7.51679        86.02672        544.65341
18188        0.40898        9.33218        51.40282        7.78418        89.08694        564.02832
18189        0.39279        8.96263        49.36734        7.47594        85.55922        541.69356
18190        0.401        9.15017        50.40032        7.63237        87.34949        553.02811
18191        0.41059        9.36881        51.60461        7.81474        89.43667        566.24248
18192        0.42694        9.74206        53.66051        8.12607        92.99977        588.80124
18193        0.42215        9.63261        53.05764        8.03478        91.95493        582.18613
18194        0.41754        9.52758        52.47915        7.94717        90.95234        575.83855
18195        0.43016        9.81538        54.06438        8.18723        93.69973        593.23286
18196        0.43431        9.91017        54.58647        8.2663        94.60457        598.96159
18197        0.43035        9.81983        54.0889        8.19095        93.74222        593.50186
18198        0.43014        9.8151        54.06282        8.187        93.69703        593.21576
18199        0.43772        9.98803        55.01537        8.33125        95.3479        603.66776
18200        0.44272        10.10205        55.64339        8.42635        96.43633        610.55885
18201        0.44253        10.09779        55.61995        8.4228        96.39571        610.30166
18202        0.45004        10.26914        56.56377        8.56573        98.03145        620.6579
18203        0.45042        10.27766        56.61067        8.57283        98.11273        621.17251
18204        0.45046        10.27856        56.61564        8.57358        98.12136        621.22712
18205        0.44722        10.20465        56.20854        8.51193        97.4158        616.76007
18206        0.4558        10.40055        57.28757        8.67534        99.28588        628.59996
18207        0.46787        10.676        58.80476        8.90509        101.91536        645.24771
18208        0.47038        10.73326        59.12015        8.95285        102.46195        648.70831
18209        0.46727        10.66215        58.72848        8.89354        101.78315        644.41071
18210        0.47704        10.88509        59.95647        9.0795        103.91139        657.885
18211        0.48718        11.1166        61.23165        9.27261        106.12142        671.87719
18212        0.47811        10.9095        60.09094        9.09987        104.14444        659.36049
18213        0.46229        10.54869        58.10353        8.7989        100.70004        637.55328
18214        0.43818        9.99835        55.07218        8.33985        95.44635        604.29109
18215        0.44899        10.24512        56.43146        8.54569        97.80216        619.20617
18216        0.43923        10.02237        55.20449        8.35989        95.67567        605.74293
18217        0.43533        9.93341        54.71452        8.28569        94.82649        600.36663
18218        0.42541        9.70718        53.46841        8.09698        92.66684        586.69338
18219        0.429        9.789        53.91909        8.16523        93.44793        591.63866
18220        0.4067        9.28006        51.11577        7.74071        88.58946        560.87864
18221        0.4004        9.13637        50.32428        7.62085        87.21771        552.19381
18222        0.41287        9.42104        51.89228        7.8583        89.93524        569.39906
18223        0.42225        9.63502        53.07092        8.03679        91.97795        582.33187
18224        0.40186        9.16979        50.5084        7.64874        87.53682        554.21413
18225        0.38812        8.85622        48.78119        7.38717        84.54335        535.26187
18226        0.4234        9.66127        53.2155        8.05868        92.22852        583.91831
18227        0.38598        8.80733        48.51192        7.3464        84.07669        532.30732
18228        0.34892        7.96166        43.85387        6.64101        76.00374        481.19581
18229        0.36424        8.3112        45.77913        6.93256        79.34045        502.32122
18230        0.34626        7.90112        43.52037        6.5905        75.42576        477.53644
18231        0.37566        8.57194        47.21537        7.15006        81.82962        518.08067
18232        0.35389        8.07509        44.47861        6.73561        77.08649        488.05091
18233        0.34807        7.94236        43.74751        6.6249        75.81943        480.02885
18234        0.4153        9.47649        52.19774        7.90456        90.46462        572.75068
18235        0.38874        8.87044        48.85953        7.39904        84.67913        536.12152
18236        0.37261        8.50235        46.83201        7.092        81.16521        513.87415
18237        0.37493        8.55519        47.12309        7.13608        81.66967        517.06801
18238        0.38284        8.73565        48.11706        7.2866        83.39234        527.97457
18239        0.40511        9.24382        50.91615        7.71048        88.24349        558.68821
18240        0.37141        8.47498        46.68128        7.06918        80.90398        512.22022
18241        0.33937        7.74371        42.65335        6.45921        73.92311        468.02289
18242        0.35279        8.05011        44.34103        6.71478        76.84806        486.54133
18243        0.34261        7.81772        43.06098        6.52094        74.62958        472.4957
18244        0.30285        6.91047        38.06378        5.76419        65.96887        417.66287
18245        0.34978        7.9813        43.962        6.65738        76.19115        482.38232
18246        0.35587        8.12036        44.72798        6.77338        77.51869        490.78727
18247        0.37363        8.52549        46.9595        7.11131        81.38616        515.27302
18248        0.38854        8.86567        48.83325        7.39506        84.63359        535.83318
18249        0.3914        8.93093        49.19271        7.44949        85.25657        539.7774
18250        0.36725        8.37989        46.15751        6.98986        79.99622        506.47302
18251        0.39277        8.96235        49.36579        7.4757        85.55654        541.6766
18252        0.3885        8.86488        48.82887        7.3944        84.626        535.78512
18253        0.42038        9.5924        52.83617        8.00124        91.5711        579.75603
18254        0.38891        8.87415        48.87996        7.40213        84.71454        536.34571
18255        0.41415        9.45021        52.05297        7.88264        90.21373        571.16225
18256        0.38909        8.87832        48.90293        7.40561        84.75435        536.59778
18257        0.39587        9.03298        49.75479        7.53461        86.23072        545.94495
18258        0.41396        9.4457        52.02812        7.87887        90.17066        570.88958
18259        0.36862        8.41116        46.32975        7.01594        80.29474        508.36298
18260        0.39415        8.99388        49.53947        7.502        85.85754        543.58229
18261        0.41001        9.35559        51.53179        7.80371        89.31046        565.44342
18262        0.39496        9.01229        49.64086        7.51736        86.03327        544.69483
18263        0.40013        9.13023        50.2905        7.61574        87.15916        551.82313
18264        0.42957        9.80189        53.99006        8.17598        93.57091        592.41729
18265        0.43186        9.85435        54.27901        8.21974        94.07171        595.5879
18266        0.42462        9.68906        53.36858        8.08187        92.49383        585.59806
18267        0.39743        9.06869        49.95149        7.5644        86.57162        548.10325
18268        0.38257        8.72946        48.08297        7.28144        83.33327        527.6006
18269        0.41309        9.42587        51.91888        7.86233        89.98134        569.69091
18270        0.44683        10.19584        56.16001        8.50459        97.3317        616.22761
18271        0.44188        10.08278        55.53727        8.41028        96.25242        609.39445
18272        0.46492        10.6087        58.43406        8.84896        101.27288        641.18006
18273        0.43924        10.02257        55.2056        8.36005        95.67759        605.7551
18274        0.44704        10.20062        56.18631        8.50857        97.37728        616.51616
18275        0.44436        10.13951        55.84974        8.4576        96.79396        612.82308
18276        0.47626        10.86733        59.85867        9.06469        103.74189        656.8119
18277        0.45392        10.3576        57.05096        8.63951        98.87582        626.00376
18278        0.45805        10.45185        57.57011        8.71812        99.77555        631.70017
18279        0.47298        10.79258        59.44689        9.00233        103.02824        652.29361
18280        0.51508        11.75322        64.73827        9.80363        112.19879        710.35431
18281        0.47094        10.74608        59.19078        8.96355        102.58437        649.48337
18282        0.48803        11.13583        61.33759        9.28865        106.30503        673.03966
18283        0.49195        11.22547        61.83133        9.36342        107.16074        678.45737
18284        0.50629        11.5527        63.63377        9.63637        110.28457        698.23501
18285        0.48066        10.96774        60.41174        9.14845        104.70043        662.88062
18286        0.51759        11.81051        65.0538        9.85142        112.74565        713.81662
18287        0.55559        12.67757        69.82968        10.57465        121.02279        766.22092
18288        0.51415        11.73201        64.62141        9.78594        111.99627        709.0721
18289        0.52353        11.94604        65.80034        9.96447        114.03948        722.00813
18290        0.51622        11.77924        64.88158        9.82534        112.44718        711.9269
18291        0.53749        12.26442        67.55401        10.23003        117.07879        741.25062
18292        0.58063        13.2488        72.9761        11.05113        126.4759        800.7457
18293        0.57735        13.17405        72.56438        10.98878        125.76234        796.22802
18294        0.58722        13.39938        73.80549        11.17673        127.91333        809.84638
18295        0.5748        13.11589        72.24402        10.94027        125.20711        792.71273
18296        0.59715        13.62593        75.05336        11.3657        130.07603        823.53888
18297        0.57425        13.10343        72.17537        10.92987        125.08813        791.95947
18298        0.60998        13.91865        76.6657        11.60986        132.8704        841.23063
18299        0.62201        14.19307        78.17727        11.83877        135.49011        857.81661
18300        0.67958        15.50681        85.41351        12.93459        148.03134        937.21775
18301        0.73387        16.74558        92.2368        13.96787        159.85689        1012.08781
18302        0.72986        16.65396        91.73218        13.89145        158.98231        1006.55071
18303        0.727        16.58889        91.37375        13.83718        158.36112        1002.6178
18304        0.72475        16.53741        91.09016        13.79423        157.86962        999.50602
18305        0.73575        16.78835        92.47238        14.00355        160.26517        1014.67273
18306        0.74197        16.93038        93.25469        14.12202        161.621        1023.25678
18307        0.75209        17.16141        94.52724        14.31472        163.82647        1037.22008
18308        0.75163        17.1508        94.46881        14.30588        163.72521        1036.57897
18309        0.74231        16.93809        93.29718        14.12845        161.69464        1023.72303
18310        0.75916        17.32264        95.41532        14.44921        165.36562        1046.96478
18311        0.76774        17.51831        96.49308        14.61242        167.23351        1058.79076
18312        0.76904        17.54798        96.65653        14.63717        167.51677        1060.58416
18313        0.77027        17.57611        96.81149        14.66064        167.78533        1062.2845
18314        0.77843        17.76232        97.83716        14.81596        169.56295        1073.53893
18315        0.79481        18.13603        99.8956        15.12768        173.13044        1096.12553
18316        0.80952        18.47165        101.74422        15.40763        176.33432        1116.40993
18317        0.81601        18.61981        102.56029        15.53121        177.74867        1125.36448
18318        0.82101        18.73402        103.18937        15.62647        178.83892        1132.26711
18319        0.82463        18.81649        103.64365        15.69527        179.62625        1137.25183
18320        0.83022        18.94407        104.34637        15.80168        180.84415        1144.96263
18321        0.83682        19.09474        105.17625        15.92736        182.28243        1154.06867
18322        0.84024        19.17278        105.60616        15.99246        183.0275        1158.78586
18323        0.84494        19.27992        106.19626        16.08182        184.05022        1165.26096
18324        0.852        19.4411        107.08406        16.21626        185.58887        1175.00248
18325        0.85658        19.54562        107.65976        16.30345        186.58663        1181.31952
18326        0.86109        19.64842        108.22603        16.3892        187.56803        1187.53294
18327        0.86544        19.74783        108.77359        16.47212        188.51702        1193.54119
18328        0.87024        19.85722        109.37611        16.56336        189.56126        1200.15253
18329        0.87469        19.95892        109.9363        16.64819        190.53213        1206.29931
18330        0.8787        20.05033        110.43978        16.72444        191.40472        1211.82383
18331        0.88298        20.14802        110.97787        16.80592        192.33729        1217.72813
18332        0.88641        20.22629        111.40899        16.87121        193.08447        1222.45868
18333        0.89168        20.3466        112.07166        16.97156        194.23295        1229.72999
18334        0.8973        20.47483        112.77797        17.07852        195.45706        1237.48009
18335        0.90009        20.53849        113.12863        17.13162        196.0648        1241.32781
18336        0.90479        20.64554        113.71831        17.22092        197.08678        1247.79816
18337        0.91034        20.77224        114.41615        17.3266        198.29622        1255.45537
18338        0.914        20.85584        114.87665        17.39633        199.09431        1260.50828
18339        0.92034        21.00047        115.67329        17.51697        200.47499        1269.24963
18340        0.92432        21.09121        116.17308        17.59266        201.34119        1274.73371
18341        0.92573        21.12344        116.35064        17.61955        201.64891        1276.682
18342        0.93051        21.23256        116.95166        17.71056        202.69054        1283.27678
18343        0.93556        21.34765        117.58562        17.80657        203.78928        1290.2331
18344        0.93693        21.37912        117.75893        17.83281        204.08963        1292.13469
18345        0.94093        21.47021        118.26065        17.90879        204.95918        1297.63997
18346        0.94638        21.59476        118.9467        18.01268        206.14818        1305.16778
18347        0.94223        21.5        118.42477        17.93364        205.24362        1299.44084
18348        0.95215        21.72624        119.67092        18.12235        207.40334        1313.11449
18349        0.95306        21.74704        119.78548        18.1397        207.60188        1314.37149
18350        0.95538        21.8        120.07722        18.18388        208.10749        1317.57263
18351        0.94938        21.66305        119.32289        18.06965        206.80015        1309.29559
18352        0.93103        21.24441        117.01695        17.72045        202.80371        1283.99324
18353        0.93324        21.29478        117.29441        17.76247        203.28457        1287.03767
18354        0.93882        21.42203        117.9953        17.86861        204.49929        1294.72836
18355        0.97236        22.18736        122.21081        18.50698        211.80526        1340.98395
18356        0.9647        22.01261        121.24827        18.36122        210.13706        1330.42224
18357        0.97359        22.21547        122.36564        18.53043        212.0736        1342.68289
18358        0.9639        21.99434        121.14765        18.34598        209.96267        1329.31813
18359        0.96156        21.94093        120.85346        18.30143        209.45281        1326.09011
18360        0.95826        21.86568        120.43897        18.23866        208.73446        1321.54208
18361        0.96106        21.92957        120.7909        18.29196        209.34438        1325.40362
18362        0.972        22.17935        122.16671        18.5003        211.72882        1340.50003
18363        0.96385        21.99335        121.14218        18.34515        209.95319        1329.25814
18364        0.95634        21.82197        120.19822        18.20221        208.3172        1318.90033
18365        0.95238        21.73156        119.7002        18.12679        207.45409        1313.43579
19001        0.95133        21.70761        119.56833        18.10682        207.22553        1311.98875
19002        0.96457        22.00974        121.23249        18.35883        210.10972        1330.24913
19003        0.96287        21.97086        121.0183        18.3264        209.7385        1327.89891
19004        0.95825        21.86541        120.43747        18.23844        208.73185        1321.52554
19005        0.95182        21.71866        119.62919        18.11603        207.33101        1312.65653
19006        0.9612        21.93285        120.80897        18.29469        209.3757        1325.60193
19007        0.94728        21.6152        119.0593        18.02973        206.34333        1306.40337
19008        0.99806        22.77382        125.44115        18.99617        217.40379        1376.42948
19009        0.9726        22.19295        122.24164        18.51165        211.85868        1341.32221
19010        0.93894        21.42478        118.01045        17.8709        204.52556        1294.89463
19011        0.92902        21.19859        116.76457        17.68223        202.3663        1281.22395
19012        0.93174        21.2606        117.10611        17.73395        202.95823        1284.97157
19013        0.94108        21.47381        118.28051        17.9118        204.9936        1297.8579
19014        0.9445        21.55186        118.71039        17.9769        205.73863        1302.57484
19015        0.95184        21.71917        119.63195        18.11645        207.3358        1312.68687
19016        0.93436        21.3204        117.4355        17.78383        203.5291        1288.58585
19017        0.92601        21.12993        116.3864        17.62496        201.71088        1277.07431
19018        0.93843        21.41323        117.9468        17.86126        204.41524        1294.19618
19019        0.94086        21.46866        118.25215        17.9075        204.94445        1297.54672
19020        0.9323        21.27345        117.1769        17.74467        203.08091        1285.74825
19021        0.92878        21.19296        116.73355        17.67753        202.31253        1280.88352
19022        0.93596        21.35686        117.63634        17.81425        203.87718        1290.78962
19023        0.92304        21.06217        116.01312        17.56844        201.06394        1272.97842
19024        0.88323        20.15358        111.00849        16.81056        192.39035        1218.06409
19025        0.88838        20.2712        111.65639        16.90868        193.51325        1225.17337
19026        0.90698        20.69563        113.9942        17.2627        197.56493        1250.82544
19027        0.90358        20.618        113.5666        17.19795        196.82386        1246.13356
19028        0.88298        20.14805        110.97807        16.80595        192.33763        1217.73031
19029        0.87715        20.01502        110.24528        16.69498        191.06763        1209.68965
19030        0.8637        19.70811        108.5548        16.43899        188.13783        1191.14046
19031        0.87068        19.86724        109.43129        16.57172        189.65689        1200.75795
19032        0.85318        19.46798        107.23211        16.23869        185.84547        1176.62703
19033        0.87797        20.03355        110.34738        16.71044        191.24458        1210.80993
19034        0.86038        19.63221        108.13672        16.37567        187.41325        1186.55302
19035        0.84252        19.22485        105.89294        16.03589        183.52452        1161.93265
19036        0.84032        19.17464        105.61637        15.994        183.0452        1158.89792
19037        0.8396        19.15805        105.52502        15.98017        182.88688        1157.8956
19038        0.81833        18.67275        102.85191        15.57537        178.25408        1128.56433
19039        0.838        19.12168        105.32465        15.94983        182.53962        1155.69701
19040        0.84025        19.17303        105.60749        15.99266        183.0298        1158.80045
19041        0.83561        19.06707        105.02386        15.90428        182.01831        1152.39648
19042        0.83091        18.95975        104.43273        15.81476        180.99382        1145.91022
19043        0.82769        18.88638        104.0286        15.75356        180.29341        1141.47577
19044        0.8198        18.70641        103.03733        15.60345        178.57544        1130.59893
19045        0.83349        19.01868        104.75733        15.86392        181.55639        1149.47199
19046        0.83331        19.01462        104.73496        15.86053        181.51762        1149.22649
19047        0.83234        18.99237        104.61243        15.84197        181.30526        1147.88199
19048        0.82044        18.72085        103.11686        15.61549        178.71327        1131.47156
19049        0.82404        18.80303        103.56952        15.68404        179.49777        1136.43839
19050        0.7879        17.97838        99.02723        14.99618        171.62546        1086.59718
19051        0.80924        18.46539        101.70975        15.40241        176.27459        1116.03175
19052        0.83631        19.08316        105.11251        15.9177        182.17194        1153.36918
19053        0.83761        19.11268        105.27508        15.94232        182.4537        1155.15304
19054        0.83337        19.0159        104.74205        15.8616        181.5299        1149.30423
19055        0.82513        18.82789        103.70645        15.70478        179.73508        1137.94089
19056        0.83029        18.94565        104.35506        15.803        180.85921        1145.05796
19057        0.81642        18.62929        102.61254        15.53912        177.83923        1125.93782
19058        0.83266        18.9998        104.65334        15.84817        181.37616        1148.33087
19059        0.83785        19.11826        105.30583        15.94698        182.50699        1155.49043
19060        0.84467        19.27383        106.16275        16.07675        183.99213        1164.89316
19061        0.83628        19.08231        105.10783        15.91699        182.16383        1153.31783
19062        0.83344        19.01761        104.75145        15.86303        181.54619        1149.40739
19063        0.84184        19.20933        105.80748        16.02295        183.37642        1160.99494
19064        0.85677        19.54986        107.68316        16.30699        186.62719        1181.57627
19065        0.84424        19.26404        106.10879        16.06857        183.89861        1164.30109
19066        0.83893        19.14279        105.44097        15.96744        182.74121        1156.97329
19067        0.83763        19.11308        105.27728        15.94266        182.45752        1155.17722
19068        0.83062        18.95317        104.39652        15.80928        180.93105        1145.51283
19069        0.82844        18.90336        104.12216        15.76773        180.45556        1142.5024
19070        0.83111        18.9645        104.45889        15.81872        181.03916        1146.19728
19071        0.85836        19.5863        107.88387        16.33738        186.97503        1183.77852
19072        0.87271        19.91361        109.68673        16.6104        190.0996        1203.56084
19073        0.87229        19.90396        109.63354        16.60235        190.00742        1202.97722
19074        0.88344        20.15845        111.03534        16.81463        192.4369        1218.35876
19075        0.88802        20.26294        111.6109        16.90179        193.43441        1224.67421
19076        0.86019        19.62803        108.1137        16.37219        187.37336        1186.30044
19077        0.83397        19.02971        104.81807        15.87311        181.66165        1150.1384
19078        0.82917        18.92022        104.21501        15.78179        180.61648        1143.5212
19079        0.86671        19.77674        108.9328        16.49623        188.79296        1195.28822
19080        0.86615        19.76403        108.86282        16.48563        188.67167        1194.52029
19081        0.86223        19.67448        108.36955        16.41093        187.81677        1189.10777
19082        0.85743        19.56506        107.76687        16.31967        186.77225        1182.4947
19083        0.8694        19.8381        109.27081        16.54741        189.37876        1198.99705
19084        0.87639        19.99759        110.14928        16.68045        190.90125        1208.63629
19085        0.86989        19.84919        109.3319        16.55667        189.48463        1199.66733
19086        0.86588        19.75769        108.82792        16.48035        188.61118        1194.13733
19087        0.85929        19.60749        108.00055        16.35505        187.17725        1185.05886
19088        0.84845        19.36        106.63737        16.14862        184.81472        1170.10113
19089        0.85277        19.45861        107.18054        16.23087        185.75608        1176.06109
19090        0.87584        19.98495        110.07967        16.6699        190.7806        1207.87239
19091        0.89314        20.37981        112.25463        16.99927        194.55006        1231.73764
19092        0.84808        19.35161        106.59113        16.14162        184.73457        1169.5937
19093        0.87975        20.07429        110.57179        16.74443        191.6335        1213.27232
19094        0.88336        20.15656        111.02491        16.81305        192.41881        1218.24426
19095        0.88266        20.14069        110.93751        16.79981        192.26734        1217.28527
19096        0.87936        20.06533        110.5224        16.73695        191.54791        1212.73041
19097        0.88208        20.12738        110.86417        16.78871        192.14024        1216.48057
19098        0.87528        19.97227        110.00982        16.65933        190.65956        1207.10604
19099        0.90665        20.68815        113.95296        17.25646        197.49347        1250.37298
19100        0.91998        20.99216        115.62753        17.51004        200.39567        1268.74745
19101        0.89485        20.41882        112.4695        17.03181        194.92245        1234.09534
19102        0.88886        20.28223        111.71714        16.91787        193.61853        1225.83994
19103        0.90122        20.56419        113.27018        17.15306        196.31012        1242.88094
19104        0.90223        20.58733        113.39764        17.17236        196.53102        1244.27953
19105        0.93237        21.27503        117.18562        17.74599        203.09603        1285.84402
19106        0.90784        20.71527        114.10239        17.27908        197.75244        1252.01258
19107        0.91682        20.92008        115.23048        17.44992        199.70754        1264.39078
19108        0.94365        21.53237        118.60309        17.96065        205.55266        1301.39743
19109        0.9012        20.56362        113.26706        17.15259        196.30471        1242.84672
19110        0.94673        21.60255        118.98965        18.01919        206.22261        1305.63905
19111        0.92013        20.9956        115.64647        17.51291        200.4285        1268.95529
19112        0.92203        21.03905        115.88579        17.54915        200.84327        1271.58127
19113        0.9338        21.30765        117.3653        17.7732        203.40743        1287.81555
19114        0.93485        21.33161        117.49727        17.79319        203.63616        1289.26366
19115        0.97928        22.34548        123.08175        18.63887        213.3147        1350.54054
19116        0.99595        22.72571        125.17614        18.95604        216.94451        1373.52164
19117        0.97087        22.15346        122.02409        18.47871        211.48164        1338.9351
19118        0.98844        22.55443        124.23271        18.81317        215.30944        1363.16968
19119        0.98785        22.54099        124.15866        18.80196        215.18111        1362.35717
19120        0.97535        22.25566        122.58703        18.56396        212.45729        1345.11212
19121        0.9875        22.53301        124.11471        18.7953        215.10493        1361.87486
19122        0.98503        22.47645        123.80319        18.74813        214.56504        1358.45671
19123        0.9678        22.08333        121.63784        18.42022        210.81223        1334.69692
19124        0.95968        21.89802        120.61708        18.26564        209.04314        1323.49643
19125        0.96717        22.06897        121.55871        18.40823        210.67509        1333.82863
19126        0.9747        22.24083        122.50534        18.55158        212.31571        1344.21572
19127        0.91403        20.85651        114.88033        17.39689        199.1007        1260.5487
