Day	Pexc	Nexc	Cexc	Pwst	Nwst	Cwst
 18091        0.0248486103169864        0.529268026276939        4.13184953549811        0.0248486103169864        0.529268026276939        4.13184953549811
 18092        0.0250399679528092        0.533343887137282        4.16366865731627        0.0250399679528092        0.533343887137282        4.16366865731627
 18093        0.0254728310293237        0.542563742221025        4.23564552358023        0.0254728310293237        0.542563742221025        4.23564552358023
 18094        0.0257005176794464        0.547413400305836        4.27350546695525        0.0257005176794464        0.547413400305836        4.27350546695525
 18095        0.0256238412273486        0.545780214628808        4.2607556367256        0.0256238412273486        0.545780214628808        4.2607556367256
 18096        0.0261894510684177        0.557827536406831        4.35480575579792        0.0261894510684177        0.557827536406831        4.35480575579792
 18097        0.0270463117374049        0.576078414394932        4.49728532757184        0.0270463117374049        0.576078414394932        4.49728532757184
 18098        0.0274471561698015        0.584616281860045        4.56393810455522        0.0274471561698015        0.584616281860045        4.56393810455522
 18099        0.0273135891647084        0.581771344285687        4.54172846140368        0.0273135891647084        0.581771344285687        4.54172846140368
 18100        0.0275855685407581        0.5875644242895        4.58695343955177        0.0275855685407581        0.5875644242895        4.58695343955177
 18101        0.029449214447432        0.627259529091001        4.89684217681286        0.029449214447432        0.627259529091001        4.89684217681286
 18102        0.0301842961245796        0.642916550689114        5.01907222700599        0.0301842961245796        0.642916550689114        5.01907222700599
 18103        0.030896098316795        0.658077726166038        5.13743134326054        0.030896098316795        0.658077726166038        5.13743134326054
 18104        0.0306117933029969        0.652022113735644        5.09015684685146        0.0306117933029969        0.652022113735644        5.09015684685146
 18105        0.0304110318903391        0.647745955219151        5.05677405646381        0.0304110318903391        0.647745955219151        5.05677405646381
 18106        0.0306483066350853        0.652799836874309        5.09622831693787        0.0306483066350853        0.652799836874309        5.09622831693787
 18107        0.0306367523980465        0.652553735053941        5.09430706788883        0.0306367523980465        0.652553735053941        5.09430706788883
 18108        0.0310251007015254        0.660825438681154        5.15888197718441        0.0310251007015254        0.660825438681154        5.15888197718441
 18109        0.0302730188379047        0.644806318155727        5.03382512051451        0.0302730188379047        0.644806318155727        5.03382512051451
 18110        0.0296219343649432        0.630938412081786        4.92556220187002        0.0296219343649432        0.630938412081786        4.92556220187002
 18111        0.0299890999878812        0.638758930899144        4.98661483576925        0.0299890999878812        0.638758930899144        4.98661483576925
 18112        0.0315112190008615        0.671179614208261        5.23971417036085        0.0315112190008615        0.671179614208261        5.23971417036085
 18113        0.0323159353928686        0.688319834569764        5.37352314430774        0.0323159353928686        0.688319834569764        5.37352314430774
 18114        0.03315893662807        0.706275510730821        5.51369815681983        0.03315893662807        0.706275510730821        5.51369815681983
 18115        0.0350140796857518        0.745789507371888        5.82217303261299        0.0350140796857518        0.745789507371888        5.82217303261299
 18116        0.0368742878370336        0.78541138900364        6.13149013677913        0.0368742878370336        0.78541138900364        6.13149013677913
 18117        0.0367375190130449        0.782498253636904        6.10874809226804        0.0367375190130449        0.782498253636904        6.10874809226804
 18118        0.0366480027142153        0.780591583034533        6.0938632406397        0.0366480027142153        0.780591583034533        6.0938632406397
 18119        0.0375458680132746        0.799715847475625        6.24316109961583        0.0375458680132746        0.799715847475625        6.24316109961583
 18120        0.0400215807703574        0.85244779456862        6.65482486973766        0.0400215807703574        0.85244779456862        6.65482486973766
 18121        0.0412620346627126        0.878869094388579        6.86108867175926        0.0412620346627126        0.878869094388579        6.86108867175926
 18122        0.0415117393775798        0.884187730718893        6.90260979897618        0.0415117393775798        0.884187730718893        6.90260979897618
 18123        0.0418746232727167        0.891917050004629        6.96295046328031        0.0418746232727167        0.891917050004629        6.96295046328031
 18124        0.0426846932841086        0.909171300870423        7.09764964193027        0.0426846932841086        0.909171300870423        7.09764964193027
 18125        0.0417181236982843        0.888583655508263        6.93692757163063        0.0417181236982843        0.888583655508263        6.93692757163063
 18126        0.0405707767316397        0.864145505577774        6.74614567394257        0.0405707767316397        0.864145505577774        6.74614567394257
 18127        0.0405210707756492        0.863086783464718        6.73788052234855        0.0405210707756492        0.863086783464718        6.73788052234855
 18128        0.0431404839286601        0.918879506349921        7.17343892507127        0.0431404839286601        0.918879506349921        7.17343892507127
 18129        0.0429760169381288        0.915376408254864        7.14609120422238        0.0429760169381288        0.915376408254864        7.14609120422238
 18130        0.0422571039561796        0.900063775066635        7.02654969938016        0.0422571039561796        0.900063775066635        7.02654969938016
 18131        0.041559333303705        0.885201467222535        6.9105237603223        0.041559333303705        0.885201467222535        6.9105237603223
 18132        0.0412007356470712        0.877563443545037        6.85089581565693        0.0412007356470712        0.877563443545037        6.85089581565693
 18133        0.0423584607922994        0.902222645599782        7.0434034063239        0.0423584607922994        0.902222645599782        7.0434034063239
 18134        0.0434358692328673        0.925171125678108        7.22255586225255        0.0434358692328673        0.925171125678108        7.22255586225255
 18135        0.0457791178294882        0.975081625460136        7.61219337123171        0.0457791178294882        0.975081625460136        7.61219337123171
 18136        0.0469765085331646        1.00058569213963        7.81129658705272        0.0469765085331646        1.00058569213963        7.81129658705272
 18137        0.0467109931726585        0.994930293748788        7.7671464512914        0.0467109931726585        0.994930293748788        7.7671464512914
 18138        0.0471642456169676        1.00458443631631        7.84251368018638        0.0471642456169676        1.00458443631631        7.84251368018638
 18139        0.048351829868025        1.02987962846493        8.03998627014214        0.048351829868025        1.02987962846493        8.03998627014214
 18140        0.0490028070167548        1.04374524856459        8.14823134281568        0.0490028070167548        1.04374524856459        8.14823134281568
 18141        0.0484230998584751        1.03139765811316        8.05183710900912        0.0484230998584751        1.03139765811316        8.05183710900912
 18142        0.0484070603287439        1.03105602088939        8.04917004140963        0.0484070603287439        1.03105602088939        8.04917004140963
 18143        0.0488012932297814        1.03945306469843        8.1147234469422        0.0488012932297814        1.03945306469843        8.1147234469422
 18144        0.0491195376626564        1.04623157668412        8.16764142083992        0.0491195376626564        1.04623157668412        8.16764142083992
 18145        0.0492589575989626        1.04920117995654        8.19082429471972        0.0492589575989626        1.04920117995654        8.19082429471972
 18146        0.049899705095434        1.0628489114986        8.29736837150684        0.049899705095434        1.0628489114986        8.29736837150684
 18147        0.0505000269704449        1.07563558929926        8.3971904391706        0.0505000269704449        1.07563558929926        8.3971904391706
 18148        0.050130977167518        1.06777493800726        8.33582450210824        0.050130977167518        1.06777493800726        8.33582450210824
 18149        0.0489646837133662        1.04293323351496        8.1418921652364        0.0489646837133662        1.04293323351496        8.1418921652364
 18150        0.0486003744208639        1.03517355368831        8.08131448456125        0.0486003744208639        1.03517355368831        8.08131448456125
 18151        0.0502064380240194        1.06938223185879        8.34837220199594        0.0502064380240194        1.06938223185879        8.34837220199594
 18152        0.0509078800183978        1.08432273819602        8.46500861512648        0.0509078800183978        1.08432273819602        8.46500861512648
 18153        0.051885811547918        1.1051523895874        8.6276199597631        0.051885811547918        1.1051523895874        8.6276199597631
 18154        0.0524626896326325        1.11743972161138        8.72354377264277        0.0524626896326325        1.11743972161138        8.72354377264277
 18155        0.0536216437547416        1.142125100509        8.91625571870387        0.0536216437547416        1.142125100509        8.91625571870387
 18156        0.0542193479037565        1.15485602152274        9.01564250850693        0.0542193479037565        1.15485602152274        9.01564250850693
 18157        0.0554067827166439        1.1801480306827        9.21309024974778        0.0554067827166439        1.1801480306827        9.21309024974778
 18158        0.0565386246392016        1.20425592777504        9.40129395459561        0.0565386246392016        1.20425592777504        9.40129395459561
 18159        0.0571395487709798        1.21705543346615        9.50121616606272        0.0571395487709798        1.21705543346615        9.50121616606272
 18160        0.0570751276815245        1.21568328337681        9.49050416868552        0.0570751276815245        1.21568328337681        9.49050416868552
 18161        0.0568007252370578        1.20983859273472        9.44487628051608        0.0568007252370578        1.20983859273472        9.44487628051608
 18162        0.0571341703507775        1.21694087471181        9.50032183745718        0.0571341703507775        1.21694087471181        9.50032183745718
 18163        0.0574621080818624        1.22392585107302        9.55485162180207        0.0574621080818624        1.22392585107302        9.55485162180207
 18164        0.0581153916172847        1.23784059652483        9.66348020255364        0.0581153916172847        1.23784059652483        9.66348020255364
 18165        0.0587368157019029        1.25107674512836        9.76681116483372        0.0587368157019029        1.25107674512836        9.76681116483372
 18166        0.0594400484954976        1.26605539495751        9.8837453536875        0.0594400484954976        1.26605539495751        9.8837453536875
 18167        0.0598464621178385        1.27471188451585        9.95132418064272        0.0598464621178385        1.27471188451585        9.95132418064272
 18168        0.0602815035023883        1.28397813691437        10.0236632579491        0.0602815035023883        1.28397813691437        10.0236632579491
 18169        0.0608171639070114        1.29538754458317        10.1127333574755        0.0608171639070114        1.29538754458317        10.1127333574755
 18170        0.0611668940041259        1.30283669187423        10.1708867962746        0.0611668940041259        1.30283669187423        10.1708867962746
 18171        0.0614584685667011        1.30904714353644        10.2193700798695        0.0614584685667011        1.30904714353644        10.2193700798695
 18172        0.0616813156552269        1.31379372039531        10.2564252965382        0.0616813156552269        1.31379372039531        10.2564252965382
 18173        0.0619279093925999        1.31904609382813        10.2974291275865        0.0619279093925999        1.31904609382813        10.2974291275865
 18174        0.0622489623691262        1.3258844269602        10.3508141086784        0.0622489623691262        1.3258844269602        10.3508141086784
 18175        0.0624195869491483        1.32951867988423        10.3791857191111        0.0624195869491483        1.32951867988423        10.3791857191111
 18176        0.062743708392717        1.33642237045378        10.4330809276951        0.062743708392717        1.33642237045378        10.4330809276951
 18177        0.0630338045570847        1.34260133267286        10.4813183818907        0.0630338045570847        1.34260133267286        10.4813183818907
 18178        0.0632304220485115        1.34678922689678        10.5140121172851        0.0632304220485115        1.34678922689678        10.5140121172851
 18179        0.063285304010384        1.34795819639922        10.5231379398474        0.063285304010384        1.34795819639922        10.5231379398474
 18180        0.06357444841878        1.35411688649852        10.571217135194        0.06357444841878        1.35411688649852        10.571217135194
 18181        0.0643130212543943        1.36984826873603        10.6940276983939        0.0643130212543943        1.36984826873603        10.6940276983939
 18182        0.0645239743560378        1.37434150720368        10.7291051721005        0.0645239743560378        1.37434150720368        10.7291051721005
 18183        0.0647133637893172        1.37837544593388        10.7605970194086        0.0647133637893172        1.37837544593388        10.7605970194086
 18184        0.0650718750768033        1.38601162997417        10.8202106025335        0.0650718750768033        1.38601162997417        10.8202106025335
 18185        0.0655282960220753        1.39573326067197        10.8961046926519        0.0655282960220753        1.39573326067197        10.8961046926519
 18186        0.065810303128205        1.4017399283509        10.9429970908828        0.065810303128205        1.4017399283509        10.9429970908828
 18187        0.0660571175713715        1.40699700275165        10.9840376210913        0.0660571175713715        1.40699700275165        10.9840376210913
 18188        0.066190586804584        1.40983985781396        11.0062310066455        0.066190586804584        1.40983985781396        11.0062310066455
 18189        0.0663284168802417        1.41277559752633        11.0291495170499        0.0663284168802417        1.41277559752633        11.0291495170499
 18190        0.0667026408616393        1.42074645728441        11.0913758212168        0.0667026408616393        1.42074645728441        11.0913758212168
 18191        0.0672269190713096        1.43191342757821        11.1785532790088        0.0672269190713096        1.43191342757821        11.1785532790088
 18192        0.067283466680712        1.43311787487878        11.187956066958        0.067283466680712        1.43311787487878        11.187956066958
 18193        0.0667393469326597        1.42152828570514        11.0974793401083        0.0667393469326597        1.42152828570514        11.0974793401083
 18194        0.0664765744528928        1.41593130986013        11.0537852930522        0.0664765744528928        1.41593130986013        11.0537852930522
 18195        0.0669043184314372        1.42504212967613        11.1249109510474        0.0669043184314372        1.42504212967613        11.1249109510474
 18196        0.0672884309647076        1.43322361265481        11.1887815326182        0.0672884309647076        1.43322361265481        11.1887815326182
 18197        0.067932680067889        1.44694592738073        11.2959078597555        0.067932680067889        1.44694592738073        11.2959078597555
 18198        0.0682432582688141        1.45356115090073        11.3475510856284        0.0682432582688141        1.45356115090073        11.3475510856284
 18199        0.0689673898043711        1.46898493773227        11.4679603363134        0.0689673898043711        1.46898493773227        11.4679603363134
 18200        0.0692524468688577        1.47505656861917        11.5153598843953        0.0692524468688577        1.47505656861917        11.5153598843953
 18201        0.0693030184167647        1.47613372758319        11.5237689674009        0.0693030184167647        1.47613372758319        11.5237689674009
 18202        0.0698835617623414        1.48849912857592        11.6203022431921        0.0698835617623414        1.48849912857592        11.6203022431921
 18203        0.0703956527639221        1.4994065149538        11.7054532009327        0.0703956527639221        1.4994065149538        11.7054532009327
 18204        0.0707492615020276        1.50693827614704        11.7642515836853        0.0707492615020276        1.50693827614704        11.7642515836853
 18205        0.0711494822918952        1.51546286021134        11.8308006608215        0.0711494822918952        1.51546286021134        11.8308006608215
 18206        0.071283097843197        1.51830883180554        11.8530183762807        0.071283097843197        1.51830883180554        11.8530183762807
 18207        0.0715126250487282        1.52319769317439        11.8911843688839        0.0715126250487282        1.52319769317439        11.8911843688839
 18208        0.0719547880669263        1.53261563425637        11.9647076379139        0.0719547880669263        1.53261563425637        11.9647076379139
 18209        0.0720374591196468        1.53437650314784        11.9784542557901        0.0720374591196468        1.53437650314784        11.9784542557901
 18210        0.071685475038835        1.52687934667287        11.9199260225307        0.071685475038835        1.52687934667287        11.9199260225307
 18211        0.0710601927586978        1.51356101964965        11.8159535159888        0.0710601927586978        1.51356101964965        11.8159535159888
 18212        0.0714653125061693        1.52218995005722        11.8833171962533        0.0714653125061693        1.52218995005722        11.8833171962533
 18213        0.0728875951349897        1.55248414800877        12.1198156460367        0.0728875951349897        1.55248414800877        12.1198156460367
 18214        0.0732217382002511        1.55960129614659        12.1753772589953        0.0732217382002511        1.55960129614659        12.1753772589953
 18215        0.0730421761560149        1.55577667788688        12.14551951888        0.0730421761560149        1.55577667788688        12.14551951888
 18216        0.0719232297659245        1.53194345180951        11.9594600949056        0.0719232297659245        1.53194345180951        11.9594600949056
 18217        0.0715688424733974        1.52439510763812        11.9005322534152        0.0715688424733974        1.52439510763812        11.9005322534152
 18218        0.0728992783958125        1.55273299799746        12.121758349278        0.0728992783958125        1.55273299799746        12.121758349278
 18219        0.0731608615421622        1.55830464139359        12.1652546328911        0.0731608615421622        1.55830464139359        12.1652546328911
 18220        0.0737579409127644        1.57102225481253        12.2645375339711        0.0737579409127644        1.57102225481253        12.2645375339711
 18221        0.074661253944628        1.59026255434581        12.4147412469153        0.074661253944628        1.59026255434581        12.4147412469153
 18222        0.0751714091867435        1.6011287096215        12.4995703248105        0.0751714091867435        1.6011287096215        12.4995703248105
 18223        0.075628131309462        1.61085675530955        12.5755144949888        0.075628131309462        1.61085675530955        12.5755144949888
 18224        0.07593527432833        1.61739881047108        12.6265865156633        0.07593527432833        1.61739881047108        12.6265865156633
 18225        0.0762342511594851        1.62376692825752        12.6763006552137        0.0762342511594851        1.62376692825752        12.6763006552137
 18226        0.0765831238876985        1.6311978138454        12.7343115299317        0.0765831238876985        1.6311978138454        12.7343115299317
 18227        0.0768683484102473        1.63727301153933        12.7817389230926        0.0768683484102473        1.63727301153933        12.7817389230926
 18228        0.0771164778901957        1.64255809583331        12.8229981188138        0.0771164778901957        1.64255809583331        12.8229981188138
 18229        0.0774302376194876        1.64924108496345        12.8751703721187        0.0774302376194876        1.64924108496345        12.8751703721187
 18230        0.0776701877837404        1.6543519522602        12.915069503783        0.0776701877837404        1.6543519522602        12.915069503783
 18231        0.0778903474028317        1.65904128681758        12.9516778455886        0.0778903474028317        1.65904128681758        12.9516778455886
 18232        0.0779258810106651        1.65979814212033        12.9575864062344        0.0779258810106651        1.65979814212033        12.9575864062344
 18233        0.0778117883581765        1.65736800247772        12.9386149761553        0.0778117883581765        1.65736800247772        12.9386149761553
 18234        0.0781554614223095        1.66468813676361        12.9957612459985        0.0781554614223095        1.66468813676361        12.9957612459985
 18235        0.0788836248612246        1.68019780194027        13.1168409252428        0.0788836248612246        1.68019780194027        13.1168409252428
 18236        0.079160337015043        1.68609168870617        13.162852873985        0.079160337015043        1.68609168870617        13.162852873985
 18237        0.0794271698928351        1.69177514982424        13.2072220877196        0.0794271698928351        1.69177514982424        13.2072220877196
 18238        0.0795004155727502        1.69333526107182        13.2194014460287        0.0795004155727502        1.69333526107182        13.2194014460287
 18239        0.0792931919518157        1.6889214594366        13.1849441137683        0.0792931919518157        1.6889214594366        13.1849441137683
 18240        0.0790862810342414        1.68451431829016        13.1505387781072        0.0790862810342414        1.68451431829016        13.1505387781072
 18241        0.0789963428746518        1.68259866217879        13.1355837790878        0.0789963428746518        1.68259866217879        13.1355837790878
 18242        0.0785445374535105        1.67297534077537        13.0604571625219        0.0785445374535105        1.67297534077537        13.0604571625219
 18243        0.0783962628749666        1.66981713625076        13.0358019306732        0.0783962628749666        1.66981713625076        13.0358019306732
 18244        0.0790108888834647        1.68290848785018        13.1380025026699        0.0790108888834647        1.68290848785018        13.1380025026699
 18245        0.0799181062827741        1.70223194925149        13.2888554373859        0.0799181062827741        1.70223194925149        13.2888554373859
 18246        0.0800602428662314        1.70525941630211        13.3124900378261        0.0800602428662314        1.70525941630211        13.3124900378261
 18247        0.0806327865127852        1.71745442607944        13.4076931163841        0.0806327865127852        1.71745442607944        13.4076931163841
 18248        0.0815339023554693        1.73664792613518        13.5575314787121        0.0815339023554693        1.73664792613518        13.5575314787121
 18249        0.0819867651603252        1.74629376949796        13.6328339180042        0.0819867651603252        1.74629376949796        13.6328339180042
 18250        0.0820893312673038        1.74847839714157        13.6498887036067        0.0820893312673038        1.74847839714157        13.6498887036067
 18251        0.0828563698577543        1.76481609151027        13.7774325784244        0.0828563698577543        1.76481609151027        13.7774325784244
 18252        0.0831786059337423        1.77167962430979        13.8310142863713        0.0831786059337423        1.77167962430979        13.8310142863713
 18253        0.0834394492523393        1.77723550959434        13.8743875507524        0.0834394492523393        1.77723550959434        13.8743875507524
 18254        0.0835103877886003        1.77874647936668        13.8861832751153        0.0835103877886003        1.77874647936668        13.8861832751153
 18255        0.0834973592998459        1.77846897642223        13.8840168861495        0.0834973592998459        1.77846897642223        13.8840168861495
 18256        0.0838568823796124        1.78612671133786        13.9437987110155        0.0838568823796124        1.78612671133786        13.9437987110155
 18257        0.0842969935461976        1.79550094858933        14.0169807962921        0.0842969935461976        1.79550094858933        14.0169807962921
 18258        0.0846079876747431        1.80212503124424        14.0686931829882        0.0846079876747431        1.80212503124424        14.0686931829882
 18259        0.0849610598895532        1.80964536465048        14.127402352159        0.0849610598895532        1.80964536465048        14.127402352159
 18260        0.0850363475733086        1.81124896997391        14.1399212567249        0.0850363475733086        1.81124896997391        14.1399212567249
 18261        0.0851610769370519        1.81390566840997        14.1606613688306        0.0851610769370519        1.81390566840997        14.1606613688306
 18262        0.0855203760842593        1.82155863362853        14.220405957987        0.0855203760842593        1.82155863362853        14.220405957987
 18263        0.0857977507448078        1.82746663159118        14.2665280689512        0.0857977507448078        1.82746663159118        14.2665280689512
 18264        0.0861643506755896        1.83527510133348        14.3274866390439        0.0861643506755896        1.83527510133348        14.3274866390439
 18265        0.0864517462902566        1.84139654264529        14.3752750433779        0.0864517462902566        1.84139654264529        14.3752750433779
 18266        0.0866815114394484        1.84629047214351        14.4134806014695        0.0866815114394484        1.84629047214351        14.4134806014695
 18267        0.0865673357329409        1.84385856347492        14.3944953610927        0.0865673357329409        1.84385856347492        14.3944953610927
 18268        0.0865372456896856        1.84321765448239        14.3894919613186        0.0865372456896856        1.84321765448239        14.3894919613186
 18269        0.0869411549701123        1.85182080230109        14.4566543640213        0.0869411549701123        1.85182080230109        14.4566543640213
 18270        0.0872546704481187        1.85849858895132        14.5087860030002        0.0872546704481187        1.85849858895132        14.5087860030002
 18271        0.087733262195148        1.86869245114769        14.58836667421        0.087733262195148        1.86869245114769        14.58836667421
 18272        0.0879699245374893        1.87373328881335        14.627719103855        0.0879699245374893        1.87373328881335        14.627719103855
 18273        0.0881013308293738        1.87653220383752        14.6495694616479        0.0881013308293738        1.87653220383752        14.6495694616479
 18274        0.0884660520864389        1.88430065838712        14.7102156441654        0.0884660520864389        1.88430065838712        14.7102156441654
 18275        0.0883255126101539        1.88130720924535        14.6868466121592        0.0883255126101539        1.88130720924535        14.6868466121592
 18276        0.0877198634713234        1.86840706230611        14.5861387222198        0.0877198634713234        1.86840706230611        14.5861387222198
 18277        0.0881015462511759        1.87653679225798        14.6496052821811        0.0881015462511759        1.87653679225798        14.6496052821811
 18278        0.0883358667547026        1.8815277494518        14.688568308737        0.0883358667547026        1.8815277494518        14.688568308737
 18279        0.0878376640647765        1.87091617999099        14.6057267120965        0.0878376640647765        1.87091617999099        14.6057267120965
 18280        0.0867972555295461        1.84875578691715        14.4327266340969        0.0867972555295461        1.84875578691715        14.4327266340969
 18281        0.0861160532965411        1.83424638149132        14.3194557069056        0.0861160532965411        1.83424638149132        14.3194557069056
 18282        0.0868499095684594        1.84987730232166        14.4414819956021        0.0868499095684594        1.84987730232166        14.4414819956021
 18283        0.0873576815874914        1.86069269565286        14.5259147889942        0.0873576815874914        1.86069269565286        14.5259147889942
 18284        0.0871018928769462        1.85524447201995        14.4833820094396        0.0871018928769462        1.85524447201995        14.4833820094396
 18285        0.0873000366586342        1.85946487577352        14.5163295377675        0.0873000366586342        1.85946487577352        14.5163295377675
 18286        0.0874099071203431        1.86180508400541        14.5345988981216        0.0874099071203431        1.86180508400541        14.5345988981216
 18287        0.0872156470415974        1.85766740197206        14.502297155453        0.0872156470415974        1.85766740197206        14.502297155453
 18288        0.0863692831414525        1.83964010204553        14.3615629959541        0.0863692831414525        1.83964010204553        14.3615629959541
 18289        0.0864990230863635        1.84240352437364        14.3831362720559        0.0864990230863635        1.84240352437364        14.3831362720559
 18290        0.0881850044844075        1.87831442786076        14.6634827931491        0.0881850044844075        1.87831442786076        14.6634827931491
 18291        0.0865547879864372        1.84359130019777        14.3924089103857        0.0865547879864372        1.84359130019777        14.3924089103857
 18292        0.0857583158558191        1.82662668015747        14.2599707997248        0.0857583158558191        1.82662668015747        14.2599707997248
 18293        0.0877605210446894        1.86927305655425        14.5928993005171        0.0877605210446894        1.86927305655425        14.5928993005171
 18294        0.0894826118519844        1.90595307974346        14.8792501270397        0.0894826118519844        1.90595307974346        14.8792501270397
 18295        0.0889847593309956        1.89534896877711        14.7964667568088        0.0889847593309956        1.89534896877711        14.7964667568088
 18296        0.0886158375925878        1.88749104522135        14.7351221144312        0.0886158375925878        1.88749104522135        14.7351221144312
 18297        0.0881852952988251        1.87832062212156        14.6635311500351        0.0881852952988251        1.87832062212156        14.6635311500351
 18298        0.0862430604495061        1.83695159616188        14.3405745718758        0.0862430604495061        1.83695159616188        14.3405745718758
 18299        0.0856782397308903        1.82492108245796        14.2466556688032        0.0856782397308903        1.82492108245796        14.2466556688032
 18300        0.0866707966902807        1.84606225116568        14.4116989432276        0.0866707966902807        1.84606225116568        14.4116989432276
 18301        0.0882599524308758        1.87991079688079        14.6759452058897        0.0882599524308758        1.87991079688079        14.6759452058897
 18302        0.0875517206964493        1.8648256710953        14.5581797886054        0.0875517206964493        1.8648256710953        14.5581797886054
 18303        0.0875656565595021        1.86512250084304        14.5604970565953        0.0875656565595021        1.86512250084304        14.5604970565953
 18304        0.0882368923717371        1.87941962446388        14.6721107582717        0.0882368923717371        1.87941962446388        14.6721107582717
 18305        0.0883793164755176        1.88245321561206        14.6957931678529        0.0883793164755176        1.88245321561206        14.6957931678529
 18306        0.088088325488099        1.87625519392752        14.647406921666        0.088088325488099        1.87625519392752        14.647406921666
 18307        0.0877394625952693        1.8688245178304        14.5893976823845        0.0877394625952693        1.8688245178304        14.5893976823845
 18308        0.0877616128620846        1.86929631194079        14.5930808489071        0.0877616128620846        1.86929631194079        14.5930808489071
 18309        0.087811393144104        1.87035661717619        14.6013583595008        0.087811393144104        1.87035661717619        14.6013583595008
 18310        0.0877051347006114        1.8680933438605        14.5836896088227        0.0877051347006114        1.8680933438605        14.5836896088227
 18311        0.0857272566358953        1.82596512798949        14.2548062443722        0.0857272566358953        1.82596512798949        14.2548062443722
 18312        0.0841824941145921        1.79306214467223        13.9979417266113        0.0841824941145921        1.79306214467223        13.9979417266113
 18313        0.0868253735676505        1.84935469278514        14.43740212706        0.0868253735676505        1.84935469278514        14.43740212706
 18314        0.0869604635594416        1.85223206952425        14.4598650138257        0.0869604635594416        1.85223206952425        14.4598650138257
 18315        0.0867646184876519        1.84806062760939        14.4272997170714        0.0867646184876519        1.84806062760939        14.4272997170714
 18316        0.0860948834218456        1.83379546944216        14.3159355608768        0.0860948834218456        1.83379546944216        14.3159355608768
 18317        0.0850887769639426        1.81236570043674        14.1486392635097        0.0850887769639426        1.81236570043674        14.1486392635097
 18318        0.0839132548979679        1.78732742925108        13.9531723846661        0.0839132548979679        1.78732742925108        13.9531723846661
 18319        0.0827023306318277        1.761535101707        13.7518187957631        0.0827023306318277        1.761535101707        13.7518187957631
 18320        0.0813530840917829        1.73279655077394        13.5274648532835        0.0813530840917829        1.73279655077394        13.5274648532835
 18321        0.0812011363387051        1.72956010872173        13.5021988426307        0.0812011363387051        1.72956010872173        13.5021988426307
 18322        0.0806907148297994        1.71868828204244        13.4173254896514        0.0806907148297994        1.71868828204244        13.4173254896514
 18323        0.0797694846910371        1.69906635344885        13.2641425038676        0.0797694846910371        1.69906635344885        13.2641425038676
 18324        0.0806735107621112        1.71832184050574        13.4144647816207        0.0806735107621112        1.71832184050574        13.4144647816207
 18325        0.0818564216836223        1.74351749212178        13.6111602860868        0.0818564216836223        1.74351749212178        13.6111602860868
 18326        0.08061663307637        1.7171103626771        13.4050071082774        0.08061663307637        1.7171103626771        13.4050071082774
 18327        0.0789189404452518        1.68095001340065        13.1227132326917        0.0789189404452518        1.68095001340065        13.1227132326917
 18328        0.0785109622302965        1.67226019848388        13.0548742438527        0.0785109622302965        1.67226019848388        13.0548742438527
 18329        0.0808940566255164        1.7230194019524        13.4511373484823        0.0808940566255164        1.7230194019524        13.4511373484823
 18330        0.0803804579496749        1.71207990256014        13.3657356932936        0.0803804579496749        1.71207990256014        13.3657356932936
 18331        0.0796200025015624        1.69588242716978        13.2392864693745        0.0796200025015624        1.69588242716978        13.2392864693745
 18332        0.0800841385551937        1.70576838738629        13.3164634347316        0.0800841385551937        1.70576838738629        13.3164634347316
 18333        0.0799231547186887        1.70233947943842        13.2896948959038        0.0799231547186887        1.70233947943842        13.2896948959038
 18334        0.079687225272715        1.69731425224792        13.2504643329339        0.079687225272715        1.69731425224792        13.2504643329339
 18335        0.0798264760593775        1.70028025268312        13.2736190804569        0.0798264760593775        1.70028025268312        13.2736190804569
 18336        0.0793973146349693        1.69113924169083        13.2022577282737        0.0793973146349693        1.69113924169083        13.2022577282737
 18337        0.0793812003611122        1.69079601243936        13.1995782321529        0.0793812003611122        1.69079601243936        13.1995782321529
 18338        0.0790884770577195        1.6845610929386        13.1509039348894        0.0790884770577195        1.6845610929386        13.1509039348894
 18339        0.0782397668788644        1.66648381797177        13.0097796340316        0.0782397668788644        1.66648381797177        13.0097796340316
 18340        0.0773520553087259        1.64757582494373        12.8621701463402        0.0773520553087259        1.64757582494373        12.8621701463402
 18341        0.0770784081859179        1.64174722242884        12.8166678537435        0.0770784081859179        1.64174722242884        12.8166678537435
 18342        0.0774101429477428        1.64881307441809        12.8718290118151        0.0774101429477428        1.64881307441809        12.8718290118151
 18343        0.0762329565364568        1.62373935317118        12.6760853841185        0.0762329565364568        1.62373935317118        12.6760853841185
 18344        0.0767555774445887        1.634871023434        12.7629872643025        0.0767555774445887        1.634871023434        12.7629872643025
 18345        0.0769089099897774        1.63813696114724        12.7884835394475        0.0769089099897774        1.63813696114724        12.7884835394475
 18346        0.0763772988442425        1.62681380149547        12.7000867544071        0.0763772988442425        1.62681380149547        12.7000867544071
 18347        0.0762454769699195        1.62400603468867        12.678167293188        0.0762454769699195        1.62400603468867        12.678167293188
 18348        0.0774403759929629        1.64945702931006        12.8768561900861        0.0774403759929629        1.64945702931006        12.8768561900861
 18349        0.0768576909606548        1.63704601102546        12.7799667926762        0.0768576909606548        1.63704601102546        12.7799667926762
 18350        0.0761927162139428        1.62288224624237        12.6693941866726        0.0761927162139428        1.62288224624237        12.6693941866726
 18351        0.0769315969489025        1.63862018664458        12.7922559476557        0.0769315969489025        1.63862018664458        12.7922559476557
 18352        0.07712331594009        1.64270374426696        12.8241351559728        0.07712331594009        1.64270374426696        12.8241351559728
 18353        0.0767538560817193        1.63483435891568        12.7627010345182        0.0767538560817193        1.63483435891568        12.7627010345182
 18354        0.0761195477930519        1.6213237805891        12.6572276750642        0.0761195477930519        1.6213237805891        12.6572276750642
 18355        0.0758345488888515        1.61525338849903        12.6098377979277        0.0758345488888515        1.61525338849903        12.6098377979277
 18356        0.0755719281370601        1.60965964441489        12.5661689803374        0.0755719281370601        1.60965964441489        12.5661689803374
 18357        0.0752568139593567        1.60294780593549        12.5137715081181        0.0752568139593567        1.60294780593549        12.5137715081181
 18358        0.0745637938759263        1.58818668380238        12.3985354980039        0.0745637938759263        1.58818668380238        12.3985354980039
 18359        0.0729002505595604        1.55275370479681        12.1219200015506        0.0729002505595604        1.55275370479681        12.1219200015506
 18360        0.0720608311013972        1.53487431942383        11.9823405701838        0.0720608311013972        1.53487431942383        11.9823405701838
 18361        0.0719608081488587        1.53274386021515        11.9657086626158        0.0719608081488587        1.53274386021515        11.9657086626158
 18362        0.0723158146071158        1.54030539243287        12.0247394595472        0.0723158146071158        1.54030539243287        12.0247394595472
 18363        0.0735593917534968        1.56679321663679        12.2315225990903        0.0735593917534968        1.56679321663679        12.2315225990903
 18364        0.073177326604241        1.55865534233009        12.1679924583966        0.073177326604241        1.55865534233009        12.1679924583966
 18365        0.0727029348915139        1.54855093961806        12.0891101727126        0.0727029348915139        1.54855093961806        12.0891101727126
 19001        0.0719868775765056        1.5332991312883        11.9700435107678        0.0719868775765056        1.5332991312883        11.9700435107678
 19002        0.0713447475032484        1.51962195127097        11.8632695378547        0.0713447475032484        1.51962195127097        11.8632695378547
 19003        0.0714886965223573        1.52268802266314        11.8872055117443        0.0714886965223573        1.52268802266314        11.8872055117443
 19004        0.070874666026258        1.50960935530112        11.7851039620912        0.070874666026258        1.50960935530112        11.7851039620912
 19005        0.0701279323715031        1.49370415003753        11.6609364104584        0.0701279323715031        1.49370415003753        11.6609364104584
 19006        0.0693653763174492        1.47746193236394        11.5341378958718        0.0693653763174492        1.47746193236394        11.5341378958718
 19007        0.0686387688012736        1.46198540787995        11.4133169368765        0.0686387688012736        1.46198540787995        11.4133169368765
 19008        0.0679207431209731        1.44669167395355        11.2939229733599        0.0679207431209731        1.44669167395355        11.2939229733599
 19009        0.0679864292924548        1.44809076991466        11.3048453297276        0.0679864292924548        1.44809076991466        11.3048453297276
 19010        0.0690799047341773        1.47138147234993        11.486669421229        0.0690799047341773        1.47138147234993        11.486669421229
 19011        0.0690817708441851        1.47142121993935        11.4869797196993        0.0690817708441851        1.47142121993935        11.4869797196993
 19012        0.0686454580290868        1.46212788644743        11.4144292277644        0.0686454580290868        1.46212788644743        11.4144292277644
 19013        0.0681362763049863        1.45128246681659        11.3297620273306        0.0681362763049863        1.45128246681659        11.3297620273306
 19014        0.0672919668392988        1.43329892573438        11.1893694810628        0.0672919668392988        1.43329892573438        11.1893694810628
 19015        0.0669890176670051        1.42684619826043        11.1389948170131        0.0669890176670051        1.42684619826043        11.1389948170131
 19016        0.0683420955875135        1.45566635646046        11.3639858449227        0.0683420955875135        1.45566635646046        11.3639858449227
 19017        0.0687008318839649        1.46330733312493        11.4236368427432        0.0687008318839649        1.46330733312493        11.4236368427432
 19018        0.068241941905145        1.4535331127452        11.3473321994796        0.068241941905145        1.4535331127452        11.3473321994796
 19019        0.0678624835103775        1.44545076153558        11.2842355122943        0.0678624835103775        1.44545076153558        11.2842355122943
 19020        0.0687143830790747        1.46359596955964        11.4258901477974        0.0687143830790747        1.46359596955964        11.4258901477974
 19021        0.0702056088120803        1.49535863517244        11.6738525196823        0.0702056088120803        1.49535863517244        11.6738525196823
 19022        0.0700052677094308        1.49109142913441        11.6405396188253        0.0700052677094308        1.49109142913441        11.6405396188253
 19023        0.0701168547779411        1.49346820058178        11.6590944181203        0.0701168547779411        1.49346820058178        11.6590944181203
 19024        0.0700402817479804        1.49183721776559        11.6463617850178        0.0700402817479804        1.49183721776559        11.6463617850178
 19025        0.0699568788116281        1.49006075996992        11.6324934688652        0.0699568788116281        1.49006075996992        11.6324934688652
 19026        0.0698674656451346        1.48815628605571        11.6176257661756        0.0698674656451346        1.48815628605571        11.6176257661756
 19027        0.0699958127543225        1.49089004139622        11.638967440286        0.0699958127543225        1.49089004139622        11.638967440286
 19028        0.0703168071762666        1.49772712733306        11.6923426848686        0.0703168071762666        1.49772712733306        11.6923426848686
 19029        0.0707256726183833        1.50643583992509        11.7603292026473        0.0707256726183833        1.50643583992509        11.7603292026473
 19030        0.0703117760685147        1.49761996623085        11.6915061076933        0.0703117760685147        1.49761996623085        11.6915061076933
 19031        0.0697134996339544        1.48487685570482        11.5920241577291        0.0697134996339544        1.48487685570482        11.5920241577291
 19032        0.0703507596865559        1.49845030572729        11.6979883391759        0.0703507596865559        1.49845030572729        11.6979883391759
 19033        0.0713707564625604        1.52017593438652        11.867594331277        0.0713707564625604        1.52017593438652        11.867594331277
 19034        0.0713963593471403        1.52072126823078        11.8718516022233        0.0713963593471403        1.52072126823078        11.8718516022233
 19035        0.0707380780544658        1.50670007203251        11.7623919898479        0.0707380780544658        1.50670007203251        11.7623919898479
 19036        0.0707841944638774        1.50768233786858        11.7700602683703        0.0707841944638774        1.50768233786858        11.7700602683703
 19037        0.0703228547869474        1.49785593964602        11.6933482870759        0.0703228547869474        1.49785593964602        11.6933482870759
 19038        0.0689944163888741        1.46956059596243        11.4724543413784        0.0689944163888741        1.46956059596243        11.4724543413784
 19039        0.0687755964021189        1.46489979517629        11.4360687548568        0.0687755964021189        1.46489979517629        11.4360687548568
 19040        0.0702394244557201        1.49607889834765        11.6794754156786        0.0702394244557201        1.49607889834765        11.6794754156786
 19041        0.0709830389404132        1.5119176662145        11.8031243088752        0.0709830389404132        1.5119176662145        11.8031243088752
 19042        0.0695267691834596        1.48089955251891        11.5609744484979        0.0695267691834596        1.48089955251891        11.5609744484979
 19043        0.0681493633750017        1.45156121752451        11.3319381572419        0.0681493633750017        1.45156121752451        11.3319381572419
 19044        0.0680492801376809        1.44942947426787        11.3152962254654        0.0680492801376809        1.44942947426787        11.3152962254654
 19045        0.06781350595804        1.44440755420419        11.2760914803225        0.06781350595804        1.44440755420419        11.2760914803225
 19046        0.0678504355097046        1.44519414269631        11.2822321597789        0.0678504355097046        1.44519414269631        11.2822321597789
 19047        0.0686240433471661        1.46167176007703        11.4108683749674        0.0686240433471661        1.46167176007703        11.4108683749674
 19048        0.0689936600263287        1.46954448566464        11.4723285727262        0.0689936600263287        1.46954448566464        11.4723285727262
 19049        0.0695156278803855        1.48066224606946        11.5591218624842        0.0695156278803855        1.48066224606946        11.5591218624842
 19050        0.0684816980818799        1.45863984816538        11.3871990747228        0.0684816980818799        1.45863984816538        11.3871990747228
 19051        0.0677342814965867        1.44272009668397        11.2629179647786        0.0677342814965867        1.44272009668397        11.2629179647786
 19052        0.0693650154325892        1.47745424562351        11.5340778876089        0.0693650154325892        1.47745424562351        11.5340778876089
 19053        0.0692166151282335        1.47429336317644        11.5094017499578        0.0692166151282335        1.47429336317644        11.5094017499578
 19054        0.0692688525169915        1.47540600405627        11.5180878304959        0.0692688525169915        1.47540600405627        11.5180878304959
 19055        0.0692288086051623        1.47455308061678        11.5114292923974        0.0692288086051623        1.47455308061678        11.5114292923974
 19056        0.068469104596885        1.45837161067193        11.385105018578        0.068469104596885        1.45837161067193        11.385105018578
 19057        0.0665681088972578        1.41788096636355        11.0690057237567        0.0665681088972578        1.41788096636355        11.0690057237567
 19058        0.0651033440264867        1.38668190926445        10.8254432881233        0.0651033440264867        1.38668190926445        10.8254432881233
 19059        0.0657756590475611        1.40100201971334        10.9372364416276        0.0657756590475611        1.40100201971334        10.9372364416276
 19060        0.0674268407923423        1.43617170091226        11.2117964447089        0.0674268407923423        1.43617170091226        11.2117964447089
 19061        0.0677861184487436        1.44382420838303        11.2715374603544        0.0677861184487436        1.44382420838303        11.2715374603544
 19062        0.0663358344264031        1.41293358905853        11.0303829133755        0.0663358344264031        1.41293358905853        11.0303829133755
 19063        0.0667648357453429        1.42207118985184        11.1017176430757        0.0667648357453429        1.42207118985184        11.1017176430757
 19064        0.0695341017654466        1.4810557343394        11.5621937169033        0.0695341017654466        1.4810557343394        11.5621937169033
 19065        0.0693544603944008        1.47722942644216        11.5323227862539        0.0693544603944008        1.47722942644216        11.5323227862539
 19066        0.0692342451172206        1.47466887671041        11.5123332805697        0.0692342451172206        1.47466887671041        11.5123332805697
 19067        0.0704169898300786        1.49986098813146        11.7090011477097        0.0704169898300786        1.49986098813146        11.7090011477097
 19068        0.0714037355364973        1.5208783788753        11.8730781217019        0.0714037355364973        1.5208783788753        11.8730781217019
 19069        0.0706138316619101        1.50405366073944        11.7417321866308        0.0706138316619101        1.50405366073944        11.7417321866308
 19070        0.0700112466328992        1.49121877843012        11.6415337996604        0.0700112466328992        1.49121877843012        11.6415337996604
 19071        0.0702707552148436        1.49674623422002        11.6846851228164        0.0702707552148436        1.49674623422002        11.6846851228164
 19072        0.0701000295936199        1.49310982914837        11.6562967111606        0.0701000295936199        1.49310982914837        11.6562967111606
 19073        0.0696619890149383        1.48377969480482        11.5834589251249        0.0696619890149383        1.48377969480482        11.5834589251249
 19074        0.0702232163039755        1.49573366952503        11.6767803094573        0.0702232163039755        1.49573366952503        11.6767803094573
 19075        0.071182950436964        1.51617572177011        11.8363657744391        0.071182950436964        1.51617572177011        11.8363657744391
 19076        0.0712461863820476        1.51752262863602        11.8468807049317        0.0712461863820476        1.51752262863602        11.8468807049317
 19077        0.0704171968073953        1.49986539668689        11.7090355640863        0.0704171968073953        1.49986539668689        11.7090355640863
 19078        0.0699677835017895        1.49029302663455        11.6343067106685        0.0699677835017895        1.49029302663455        11.6343067106685
 19079        0.0706436117572125        1.50468796793255        11.7466840479773        0.0706436117572125        1.50468796793255        11.7466840479773
 19080        0.0715905803224773        1.52485811737313        11.9041468427415        0.0715905803224773        1.52485811737313        11.9041468427415
 19081        0.0731521062107793        1.55811815543316        12.1637987884214        0.0731521062107793        1.55811815543316        12.1637987884214
 19082        0.0720618803398906        1.53489666789238        11.9825150385154        0.0720618803398906        1.53489666789238        11.9825150385154
 19083        0.0697476132434392        1.48560346546412        11.5976965997572        0.0697476132434392        1.48560346546412        11.5976965997572
 19084        0.0697241209594175        1.48510308678546        11.5937902813924        0.0697241209594175        1.48510308678546        11.5937902813924
 19085        0.0693082579625699        1.47624532835408        11.5246402038454        0.0693082579625699        1.47624532835408        11.5246402038454
 19086        0.068689582754121        1.46306772999727        11.4217663271961        0.068689582754121        1.46306772999727        11.4217663271961
 19087        0.0690408335432902        1.47054926757785        11.480172628054        0.0690408335432902        1.47054926757785        11.480172628054
 19088        0.0685855236838701        1.46085130267899        11.4044632903021        0.0685855236838701        1.46085130267899        11.4044632903021
 19089        0.0678903639485161        1.4460446065948        11.2888714969189        0.0678903639485161        1.4460446065948        11.2888714969189
 19090        0.0691017440941934        1.47184664423775        11.4903008898861        0.0691017440941934        1.47184664423775        11.4903008898861
 19091        0.0710907313705739        1.51421148302071        11.8210315041614        0.0710907313705739        1.51421148302071        11.8210315041614
 19092        0.0700565719564423        1.49218419437194        11.6490705357047        0.0700565719564423        1.49218419437194        11.6490705357047
 19093        0.068311212237077        1.45500855026035        11.3588505333086        0.068311212237077        1.45500855026035        11.3588505333086
 19094        0.0682658735287094        1.45404284922574        11.3513115716235        0.0682658735287094        1.45404284922574        11.3513115716235
 19095        0.0689634254119907        1.46890049735094        11.4673011335408        0.0689634254119907        1.46890049735094        11.4673011335408
 19096        0.0701202273003306        1.49354003430793        11.6596552042122        0.0701202273003306        1.49354003430793        11.6596552042122
 19097        0.0700761474901661        1.4926011474315        11.6523255732659        0.0700761474901661        1.4926011474315        11.6523255732659
 19098        0.0709435629164564        1.51107683861817        11.7965601996889        0.0709435629164564        1.51107683861817        11.7965601996889
 19099        0.0727022870733637        1.54853714128369        12.089002452921        0.0727022870733637        1.54853714128369        12.089002452921
 19100        0.0720091047188989        1.53377256282568        11.9737394602315        0.0720091047188989        1.53377256282568        11.9737394602315
 19101        0.0712252656487687        1.51707702322511        11.8434019863645        0.0712252656487687        1.51707702322511        11.8434019863645
 19102        0.0712711758209653        1.5180548962697        11.8510359715751        0.0712711758209653        1.5180548962697        11.8510359715751
 19103        0.0729123747170632        1.55301194575395        12.1239360174931        0.0729123747170632        1.55301194575395        12.1239360174931
 19104        0.0727501831185873        1.54955731283447        12.0969666509057        0.0727501831185873        1.54955731283447        12.0969666509057
 19105        0.0725875491408316        1.54609325736763        12.0699237250893        0.0725875491408316        1.54609325736763        12.0699237250893
 19106        0.0722980507692061        1.53992702795656        12.0217856724147        0.0722980507692061        1.53992702795656        12.0217856724147
 19107        0.0721187188940909        1.53610731223081        11.9919662050303        0.0721187188940909        1.53610731223081        11.9919662050303
 19108        0.0724668478968421        1.54352235668704        12.0498534124016        0.0724668478968421        1.54352235668704        12.0498534124016
 19109        0.0716879186879139        1.52693139567314        11.9203323547233        0.0716879186879139        1.52693139567314        11.9203323547233
 19110        0.0703957325237166        1.49940821381376        11.7054664634639        0.0703957325237166        1.49940821381376        11.7054664634639
 19111        0.0707063579608379        1.50602444345073        11.7571175438145        0.0707063579608379        1.50602444345073        11.7571175438145
 19112        0.0725611988183239        1.54553200331729        12.0655421694841        0.0725611988183239        1.54553200331729        12.0655421694841
 19113        0.0761372121567119        1.62170002629341        12.660164921528        0.0761372121567119        1.62170002629341        12.660164921528
 19114        0.0758570463497833        1.61573257774108        12.6135786962039        0.0758570463497833        1.61573257774108        12.6135786962039
 19115        0.0759468266778517        1.61764487208789        12.6285074508542        0.0759468266778517        1.61764487208789        12.6285074508542
 19116        0.0785698182795901        1.67351381486914        13.0646608812877        0.0785698182795901        1.67351381486914        13.0646608812877
 19117        0.0841020581409733        1.79134888230239        13.9845667597221        0.0841020581409733        1.79134888230239        13.9845667597221
 19118        0.085454968579108        1.82016547317756        14.2095299385102        0.085454968579108        1.82016547317756        14.2095299385102
 19119        0.0845258108272912        1.80037468877833        14.0550287420138        0.0845258108272912        1.80037468877833        14.0550287420138
 19120        0.0846989844560857        1.80406323568482        14.083824210596        0.0846989844560857        1.80406323568482        14.083824210596
 19121        0.0859240263541        1.8301562645986        14.2875252921739        0.0859240263541        1.8301562645986        14.2875252921739
 19122        0.0856367440387789        1.82403723652924        14.2397557273581        0.0856367440387789        1.82403723652924        14.2397557273581
 19123        0.0807608280298521        1.72018167239846        13.4289839763585        0.0807608280298521        1.72018167239846        13.4289839763585
 19124        0.0776698265068287        1.65434425716919        12.9150094303293        0.0776698265068287        1.65434425716919        12.9150094303293
 19125        0.0798889052042904        1.70160997494479        13.2839998554829        0.0798889052042904        1.70160997494479        13.2839998554829
 19126        0.0808604463835396        1.72230351377165        13.4455486068614        0.0808604463835396        1.72230351377165        13.4455486068614
 19127        0.081334400754917        1.73239860124271        13.5243581710278        0.081334400754917        1.73239860124271        13.5243581710278
 19128        0.0826093590453458        1.75955483450294        13.7363593957598        0.0826093590453458        1.75955483450294        13.7363593957598
 19129        0.0856431580047784        1.82417385210178        14.2408222474613        0.0856431580047784        1.82417385210178        14.2408222474613
 19130        0.0878633785131206        1.87146389011032        14.6100025339671        0.0878633785131206        1.87146389011032        14.6100025339671
 19131        0.0897182310506287        1.9109716987579        14.9184291018013        0.0897182310506287        1.9109716987579        14.9184291018013
 19132        0.0911557494373446        1.94159041383164        15.1574609672721        0.0911557494373446        1.94159041383164        15.1574609672721
 19133        0.0958216679155575        2.04097309287203        15.933314137769        0.0958216679155575        2.04097309287203        15.933314137769
 19134        0.0944193653629515        2.01110446461503        15.7001379932401        0.0944193653629515        2.01110446461503        15.7001379932401
 19135        0.0929459186429904        1.9797204867044        15.455131931823        0.0929459186429904        1.9797204867044        15.455131931823
 19136        0.0954922116144618        2.0339557714202        15.8785318442208        0.0954922116144618        2.0339557714202        15.8785318442208
 19137        0.0948709332673578        2.02072272698247        15.7752251153071        0.0948709332673578        2.02072272698247        15.7752251153071
 19138        0.0917673694821333        1.95461773929599        15.2591617048876        0.0917673694821333        1.95461773929599        15.2591617048876
 19139        0.091007229829833        1.93842699026273        15.1327649917836        0.091007229829833        1.93842699026273        15.1327649917836
 19140        0.0935136601728003        1.99181321282006        15.549536510039        0.0935136601728003        1.99181321282006        15.549536510039
 19141        0.099221904295704        2.11339711879693        16.4987085372412        0.099221904295704        2.11339711879693        16.4987085372412
 19142        0.100773118303266        2.1464375168571        16.7566458140079        0.100773118303266        2.1464375168571        16.7566458140079
 19143        0.10325634849378        2.19932958305149        17.1695595898016        0.10325634849378        2.19932958305149        17.1695595898016
 19144        0.106321731446574        2.26462133033682        17.6792742566603        0.106321731446574        2.26462133033682        17.6792742566603
 19145        0.107405169996043        2.28769824994538        17.8594294045844        0.107405169996043        2.28769824994538        17.8594294045844
 19146        0.10730488300967        2.28556216689438        17.84275359323        0.10730488300967        2.28556216689438        17.84275359323
 19147        0.107872249400529        2.29764690266172        17.937095793        0.107872249400529        2.29764690266172        17.937095793
 19148        0.109096033276995        2.32371313608982        18.1405876896099        0.109096033276995        2.32371313608982        18.1405876896099
 19149        0.109887546658558        2.34057213624666        18.2722012549654        0.109887546658558        2.34057213624666        18.2722012549654
 19150        0.110394628173234        2.35137282203999        18.3565192306651        0.110394628173234        2.35137282203999        18.3565192306651
 19151        0.111681634212782        2.37878566878146        18.5705237660839        0.111681634212782        2.37878566878146        18.5705237660839
 19152        0.113591940113874        2.41947461761834        18.8881711696769        0.113591940113874        2.41947461761834        18.8881711696769
 19153        0.114119865117472        2.4307192635407        18.9759550196818        0.114119865117472        2.4307192635407        18.9759550196818
 19154        0.112371287108419        2.39347507081373        18.6851998771476        0.112371287108419        2.39347507081373        18.6851998771476
 19155        0.113127676205684        2.40958593413769        18.8109729445476        0.113127676205684        2.40958593413769        18.8109729445476
 19156        0.116059384766631        2.47203045654265        19.2984601118874        0.116059384766631        2.47203045654265        19.2984601118874
 19157        0.115910889308446        2.46886754734726        19.2737681519711        0.115910889308446        2.46886754734726        19.2737681519711
